1764302404288 2.1011105450716885 0
1764302439164 1.9338379556482488 1
1764302473771 1.6899608698758213 2
1764302491267 1.5634024034846912 3
1764302527130 1.472200404513966 4
1764302561876 1.3805282657796687 5
1764302596572 1.3524791544133967 6
1764302614119 1.2600558237595991 7
1764302631920 1.1867521676150234 8
1764302649782 1.150302063335072 9
1764302667897 1.179288468577645 10
1764302706557 1.0803228562528437 11
1764302723982 1.0432132916017012 12
1764302741783 0.9318151907487349 13
1764302777831 1.0315364707599988 14
1764302812949 0.8334191820838235 15
1764302830400 0.8882840980182994 16
1764302847944 0.7927386489781466 17
1764302882464 0.7455346475947987 18
1764302919651 0.7839275273409757 19
1764302937366 0.7349958961660211 20
1764302954968 0.7091816934672269 21
1764302972674 0.6688018332828175 22
1764302990280 0.624739793213931 23
1764303007883 0.6110375631939281 24
1764303007894 0.7455346475947987 25
