1764302404288 19.971264367816094 0
1764302439164 33.62068965517241 1
1764302473771 43.39080459770115 2
1764302491267 43.39080459770115 3
1764302527130 43.10344827586207 4
1764302561876 49.2816091954023 5
1764302596572 49.85632183908046 6
1764302614119 52.729885057471265 7
1764302631920 54.02298850574713 8
1764302649782 58.62068965517241 9
1764302667897 54.45402298850575 10
1764302706557 59.770114942528735 11
1764302723982 63.793103448275865 12
1764302741783 65.94827586206897 13
1764302777831 63.36206896551724 14
1764302812949 70.25862068965517 15
1764302830400 65.66091954022988 16
1764302847944 71.69540229885058 17
1764302882464 73.13218390804597 18
1764302919651 71.26436781609195 19
1764302937366 71.69540229885058 20
1764302954968 73.27586206896552 21
1764302972674 76.58045977011494 22
1764302990280 76.00574712643679 23
1764303007883 78.16091954022988 24
1764303007894 73.13218390804597 25
