1764291393407 2.107632712884383 0
1764291425762 1.9033824638886885 1
1764291460480 1.7495555660941384 2
1764291493003 1.6256683523004705 3
1764291503657 1.5355211062864824 4
1764291536153 1.417142553762956 5
1764291547688 1.3461630452762952 6
1764291579299 1.2769006815823642 7
1764291611381 1.22692824493755 8
1764291622563 1.171081169085069 9
1764291654127 1.1574560837312178 10
1764291665333 1.0872434702786533 11
1764291698152 1.0797729275443337 12
1764291730249 1.044979285110127 13
1764291741073 1.0156726782972163 14
1764291772738 0.9898941679434343 15
1764291783592 0.9545352242209695 16
1764291795108 0.9289158203385093 17
1764291806006 0.9152487733147361 18
1764291837715 0.8838661692359231 19
1764291848622 0.8494368737394159 20
1764291860322 0.8657834150574424 21
1764291872000 0.8532435568896207 22
1764291882819 0.8214141184633429 23
1764291894297 0.8164063529534773 24
1764291894313 0.9152487733147361 25
