1764291393407 24.71264367816092 0
1764291425762 37.64367816091954 1
1764291460480 42.95977011494253 2
1764291493003 46.55172413793103 3
1764291503657 47.270114942528735 4
1764291536153 51.00574712643678 5
1764291547688 52.298850574712645 6
1764291579299 55.172413793103445 7
1764291611381 57.90229885057471 8
1764291622563 60.3448275862069 9
1764291654127 60.05747126436781 10
1764291665333 64.51149425287356 11
1764291698152 63.07471264367816 12
1764291730249 65.80459770114942 13
1764291741073 64.51149425287356 14
1764291772738 65.51724137931035 15
1764291783592 65.80459770114942 16
1764291795108 67.95977011494253 17
1764291806006 66.23563218390805 18
1764291837715 70.83333333333333 19
1764291848622 72.70114942528735 20
1764291860322 68.82183908045977 21
1764291872000 68.10344827586206 22
1764291882819 70.54597701149426 23
1764291894297 72.27011494252874 24
1764291894313 66.23563218390805 25
