1764254489756 2.1051972210407257 0
1764254524407 1.91064591570334 1
1764254532820 1.7340318858623505 2
1764254541080 1.5857156244191257 3
1764254574218 1.518912989984859 4
1764254613164 1.4126068272373893 5
1764254644567 1.375256990844553 6
1764254683023 1.3173063153570348 7
1764254690621 1.3456991341981022 8
1764254697885 1.2763410007411784 9
1764254707551 1.2210854305462404 10
1764254736279 1.2367538267915898 11
1764254743535 1.2027039162137292 12
1764254751105 1.2065726776014676 13
1764254758967 1.1509637114676563 14
1764254788316 1.144409266385165 15
1764254813969 1.13901218094609 16
1764254820772 1.1387914690104397 17
1764254849996 1.1475581418384204 18
1764254856892 1.0873229747468776 19
1764254865399 1.1069889515638351 20
1764254872159 1.0707323551177979 21
1764254878942 1.052178686315363 22
1764254886192 1.0649679763750597 23
1764254886212 1.1387914690104397 24
