1764254489756 22.126436781609197 0
1764254524407 32.47126436781609 1
1764254532820 37.06896551724138 2
1764254541080 39.94252873563219 3
1764254574218 43.39080459770115 4
1764254613164 46.4080459770115 5
1764254644567 44.39655172413793 6
1764254683023 48.99425287356322 7
1764254690621 44.827586206896555 8
1764254697885 49.13793103448276 9
1764254707551 51.4367816091954 10
1764254736279 51.14942528735632 11
1764254743535 51.4367816091954 12
1764254751105 50.43103448275862 13
1764254758967 52.729885057471265 14
1764254788316 52.87356321839081 15
1764254813969 56.60919540229885 16
1764254820772 53.5919540229885 17
1764254849996 54.741379310344826 18
1764254856892 56.752873563218394 19
1764254865399 53.87931034482759 20
1764254872159 59.339080459770116 21
1764254878942 58.764367816091955 22
1764254886192 58.47701149425287 23
1764254886212 53.5919540229885 24
