1764288246307 14.080459770114942 0
1764288280727 10.632183908045977 1
1764288313453 19.10919540229885 2
1764288352062 35.201149425287355 3
1764288385105 37.21264367816092 4
1764288419085 45.258620689655174 5
1764288452092 51.00574712643678 6
1764288484749 55.45977011494253 7
1764288518198 60.775862068965516 8
1764288551235 64.36781609195403 9
1764288563201 67.95977011494253 10
1764288575172 67.67241379310344 11
1764288587117 70.97701149425288 12
1764288624773 75.43103448275862 13
1764288658012 77.72988505747126 14
1764288692609 77.29885057471265 15
1764288724632 82.47126436781609 16
1764288762683 83.62068965517241 17
1764288776089 81.75287356321839 18
1764288787842 84.48275862068965 19
1764288799811 82.61494252873563 20
1764288811688 84.6264367816092 21
1764288824020 82.61494252873563 22
1764288855172 87.78735632183908 23
1764288867259 86.7816091954023 24
1764288879378 91.37931034482759 25
1764288891910 88.2183908045977 26
1764288904488 89.36781609195403 27
1764288916774 87.35632183908046 28
1764288916793 82.61494252873563 29
