1764288246307 6.994431062178179 0
1764288280727 2.198323054747148 1
1764288313453 2.0769576159390537 2
1764288352062 1.853869622403925 3
1764288385105 1.649524070999839 4
1764288419085 1.5000734329223633 5
1764288452092 1.3576559586958452 6
1764288484749 1.2212819511240178 7
1764288518198 1.0665598836812107 8
1764288551235 0.9780438379807905 9
1764288563201 0.8564703356135975 10
1764288575172 0.8822353482246399 11
1764288587117 0.7651739608157765 12
1764288624773 0.6512666073712435 13
1764288658012 0.6241551827300679 14
1764288692609 0.6532137448137457 15
1764288724632 0.5285734317519448 16
1764288762683 0.5172813914038918 17
1764288776089 0.5152137008580294 18
1764288787842 0.4472675025463104 19
1764288799811 0.4995775683359666 20
1764288811688 0.4579126374288039 21
1764288824020 0.5177109702066942 22
1764288855172 0.3983369767665863 23
1764288867259 0.3928684741258621 24
1764288879378 0.2912578731775284 25
1764288891910 0.3349048441106623 26
1764288904488 0.300292126157067 27
1764288916774 0.3841090053319931 28
1764288916793 0.5177109702066942 29
