1764255968275 2.1346629532900723 0
1764255996674 2.016066692092202 1
1764256003764 1.900110494006764 2
1764256010732 1.7806638262488625 3
1764256017460 1.7356677488847212 4
1764256045812 1.6400441473180598 5
1764256052661 1.5748547098853372 6
1764256059127 1.537031184543263 7
1764256088155 1.497547528960488 8
1764256117088 1.4377696080641313 9
1764256125747 1.415746114470742 10
1764256132962 1.3934070522134954 11
1764256139952 1.3794311393391003 12
1764256168921 1.358721137046814 13
1764256197172 1.3183488954197278 14
1764256204143 1.2844081033359875 15
1764256211129 1.2400267774408513 16
1764256217965 1.3066167831420898 17
1764256224711 1.2554907907139172 18
1764256231652 1.192143602804704 19
1764256231663 1.358721137046814 20
