1764255968275 18.24712643678161 0
1764255996674 30.603448275862068 1
1764256003764 34.770114942528735 2
1764256010732 38.50574712643678 3
1764256017460 38.07471264367816 4
1764256045812 41.95402298850575 5
1764256052661 41.52298850574713 6
1764256059127 42.672413793103445 7
1764256088155 42.95977011494253 8
1764256117088 47.41379310344828 9
1764256125747 45.258620689655174 10
1764256132962 48.706896551724135 11
1764256139952 46.264367816091955 12
1764256168921 47.55747126436781 13
1764256197172 49.42528735632184 14
1764256204143 49.85632183908046 15
1764256211129 51.14942528735632 16
1764256217965 47.98850574712644 17
1764256224711 50.86206896551724 18
1764256231652 52.1551724137931 19
1764256231663 47.55747126436781 20
