1764290102728 2.205962397835471 0
1764290138544 1.7443330396305432 1
1764290175365 1.439443057233637 2
1764290210056 1.2507272091778843 3
1764290223849 1.1089450391856106 4
1764290266413 1.0155278281732039 5
1764290301918 0.9104098894379355 6
1764290337010 0.8775766329331831 7
1764290349569 0.7837894017046149 8
1764290381021 0.6799268939278342 9
1764290393316 0.5978498919443651 10
1764290429817 0.6290680386803367 11
1764290461036 0.554987067526037 12
1764290501463 0.5078762011094526 13
1764290537025 0.5234968851913105 14
1764290550639 0.46148468960415234 15
1764290594815 0.39763711257414386 16
1764290608029 0.35588397762992163 17
1764290621833 0.322643598372286 18
1764290635741 0.3130914988842877 19
1764290649479 0.25728821889920667 20
1764290682764 0.2566230540925806 21
1764290695073 0.25816757435148413 22
1764290707576 0.2564609077843753 23
1764290740882 0.2327366444197568 24
1764290753183 0.22503272918137637 25
1764290765357 0.16891692849722775 26
1764290777934 0.14167479290203613 27
1764290811342 0.14430394362319598 28
1764290823753 0.12295818752185865 29
1764290835989 0.14060052077878604 30
1764290848196 0.10124709321693941 31
1764290860478 0.11396915939721194 32
1764290872527 0.09766481952233748 33
1764290872540 0.14167479290203613 34
