1764290102728 22.844827586206897 0
1764290138544 37.5 1
1764290175365 45.689655172413794 2
1764290210056 54.310344827586206 3
1764290223849 57.18390804597701 4
1764290266413 60.48850574712644 5
1764290301918 67.24137931034483 6
1764290337010 68.82183908045977 7
1764290349569 72.41379310344827 8
1764290381021 76.72413793103448 9
1764290393316 79.02298850574712 10
1764290429817 77.01149425287356 11
1764290461036 82.04022988505747 12
1764290501463 81.89655172413794 13
1764290537025 80.17241379310344 14
1764290550639 84.19540229885058 15
1764290594815 86.49425287356321 16
1764290608029 88.50574712643679 17
1764290621833 90.08620689655173 18
1764290635741 90.22988505747126 19
1764290649479 92.38505747126437 20
1764290682764 90.80459770114942 21
1764290695073 92.09770114942529 22
1764290707576 91.0919540229885 23
1764290740882 93.39080459770115 24
1764290753183 91.95402298850574 25
1764290765357 96.12068965517241 26
1764290777934 96.12068965517241 27
1764290811342 96.4080459770115 28
1764290823753 96.69540229885058 29
1764290835989 95.6896551724138 30
1764290848196 97.98850574712644 31
1764290860478 96.83908045977012 32
1764290872527 97.84482758620689 33
1764290872540 96.12068965517241 34
