1764268537572 2.1355120458386163 0
1764268568790 1.9696014604785226 1
1764268600007 1.7937231334772976 2
1764268630698 1.6684970611875707 3
1764268660758 1.5825817612084476 4
1764268670163 1.4703705988147042 5
1764268679915 1.4201859601519324 6
1764268690187 1.3552531681277535 7
1764268721019 1.3028399849479848 8
1764268730784 1.2672836170955137 9
1764268763639 1.24720337851481 10
1764268794459 1.2133115069432692 11
1764268825725 1.1934654739770023 12
1764268835302 1.156440871683034 13
1764268844884 1.1113029555840925 14
1764268855448 1.0977535776116631 15
1764268865245 1.078454938801852 16
1764268895898 1.060674087567763 17
1764268905834 1.0589597943154248 18
1764268916204 1.0373487960208545 19
1764268953903 1.019140530716289 20
1764268964372 0.9960700395432386 21
1764268973717 0.9862164360555735 22
1764268983285 0.9659468531608582 23
1764268992735 0.9905693117867816 24
1764269002136 0.9397673701698129 25
1764269002149 1.0373487960208545 26
