1764268537572 19.971264367816094 0
1764268568790 33.04597701149425 1
1764268600007 37.21264367816092 2
1764268630698 42.09770114942529 3
1764268660758 44.252873563218394 4
1764268670163 47.55747126436781 5
1764268679915 49.42528735632184 6
1764268690187 52.44252873563219 7
1764268721019 52.01149425287356 8
1764268730784 54.59770114942529 9
1764268763639 53.304597701149426 10
1764268794459 54.45402298850575 11
1764268825725 57.327586206896555 12
1764268835302 57.04022988505747 13
1764268844884 58.62068965517241 14
1764268855448 58.333333333333336 15
1764268865245 61.49425287356322 16
1764268895898 59.770114942528735 17
1764268905834 59.91379310344828 18
1764268916204 61.92528735632184 19
1764268953903 61.63793103448276 20
1764268964372 62.93103448275862 21
1764268973717 63.36206896551724 22
1764268983285 64.36781609195403 23
1764268992735 63.50574712643678 24
1764269002136 65.08620689655173 25
1764269002149 61.92528735632184 26
