1764298935308 2.080936461687088 0
1764298966136 1.7762262387709185 1
1764298996758 1.5558220960877158 2
1764299010291 1.4010373530062763 3
1764299041089 1.3170224048874595 4
1764299054542 1.2635555118322372 5
1764299085314 1.1886379420757294 6
1764299115762 1.0789046991955151 7
1764299129336 1.0380991114811464 8
1764299160662 1.0283326384696094 9
1764299191319 0.9518568597056649 10
1764299204882 0.8846246017651125 11
1764299218520 0.9010736285285517 12
1764299249096 0.8172732747413896 13
1764299279917 0.7829353084618395 14
1764299293540 0.7424939769235525 15
1764299307718 0.7257368754256855 16
1764299321698 0.7017248266122558 17
1764299335457 0.655611979690465 18
1764299349269 0.6177495582537218 19
1764299349279 0.8172732747413896 20
