1764298935308 23.132183908045977 0
1764298966136 35.632183908045974 1
1764298996758 41.666666666666664 2
1764299010291 44.827586206896555 3
1764299041089 47.98850574712644 4
1764299054542 50.7183908045977 5
1764299085314 54.741379310344826 6
1764299115762 58.333333333333336 7
1764299129336 59.05172413793103 8
1764299160662 61.35057471264368 9
1764299191319 64.22413793103448 10
1764299204882 66.0919540229885 11
1764299218520 66.8103448275862 12
1764299249096 67.67241379310344 13
1764299279917 70.97701149425288 14
1764299293540 70.97701149425288 15
1764299307718 72.27011494252874 16
1764299321698 72.98850574712644 17
1764299335457 74.2816091954023 18
1764299349269 75.7183908045977 19
1764299349279 67.67241379310344 20
