1764285337641 11.206896551724139 0
1764285373746 12.78735632183908 1
1764285408366 15.086206896551724 2
1764285421483 16.379310344827587 3
1764285456561 26.149425287356323 4
1764285491131 26.436781609195403 5
1764285504359 28.735632183908045 6
1764285539044 29.310344827586206 7
1764285574527 31.17816091954023 8
1764285609309 36.206896551724135 9
1764285622613 36.206896551724135 10
1764285636139 38.07471264367816 11
1764285649576 36.63793103448276 12
1764285662548 39.224137931034484 13
1764285674977 37.93103448275862 14
1764285674995 31.17816091954023 15
