1764285337641 2.186097638173537 0
1764285373746 2.1697579622268677 1
1764285408366 2.1554617881774902 2
1764285421483 2.142162339253859 3
1764285456561 2.130876373160969 4
1764285491131 2.109932102940299 5
1764285504359 2.0941511446779426 6
1764285539044 2.07917673479427 7
1764285574527 2.053719864650206 8
1764285609309 2.0291035852648993 9
1764285622613 1.999905066056685 10
1764285636139 1.9594995216889814 11
1764285649576 1.92210500348698 12
1764285662548 1.8847795751961796 13
1764285674977 1.8485040204091505 14
1764285674995 2.053719864650206 15
