1764257620099 2.151029666264852 0
1764257652864 2.047678271929423 1
1764257660051 1.978743275006612 2
1764257688581 1.887552797794342 3
1764257695170 1.8445704181989033 4
1764257701611 1.76543132464091 5
1764257708136 1.7023940086364746 6
1764257714925 1.680581788221995 7
1764257742855 1.6331676840782166 8
1764257771218 1.601159433523814 9
1764257779275 1.5767942070960999 10
1764257807296 1.5099351207415264 11
1764257813948 1.5059832533200581 12
1764257820578 1.4648379286130269 13
1764257827236 1.4570098519325256 14
1764257855099 1.440847933292389 15
1764257861733 1.3883310953776042 16
1764257868102 1.3724900484085083 17
1764257896782 1.3649157484372456 18
1764257903473 1.3248903552691143 19
1764257933270 1.303127110004425 20
1764257940015 1.3086026708285015 21
1764257967861 1.249726911385854 22
1764257974430 1.255974034468333 23
1764257980834 1.2358242472012837 24
1764257987195 1.2470709880193074 25
1764258015256 1.255814512570699 26
1764258021629 1.2112759947776794 27
1764258028013 1.2057515978813171 28
1764258056046 1.1921987533569336 29
1764258064692 1.2184781034787495 30
1764258071495 1.1797783970832825 31
1764258099884 1.1630401015281677 32
1764258106837 1.1530756553014119 33
1764258113898 1.1490728457768757 34
1764258120868 1.2276631792386372 35
1764258127972 1.1441014607747395 36
1764258135105 1.13752015431722 37
1764258135118 1.1797783970832825 38
