1764257620099 18.103448275862068 0
1764257652864 29.022988505747126 1
1764257660051 32.04022988505747 2
1764257688581 37.78735632183908 3
1764257695170 35.201149425287355 4
1764257701611 39.798850574712645 5
1764257708136 39.367816091954026 6
1764257714925 39.94252873563219 7
1764257742855 42.81609195402299 8
1764257771218 42.81609195402299 9
1764257779275 42.95977011494253 10
1764257807296 43.67816091954023 11
1764257813948 43.53448275862069 12
1764257820578 46.55172413793103 13
1764257827236 45.54597701149425 14
1764257855099 44.97126436781609 15
1764257861733 46.264367816091955 16
1764257868102 48.99425287356322 17
1764257896782 48.706896551724135 18
1764257903473 50.14367816091954 19
1764257933270 50.0 20
1764257940015 49.2816091954023 21
1764257967861 50.28735632183908 22
1764257974430 49.13793103448276 23
1764257980834 53.01724137931034 24
1764257987195 51.58045977011494 25
1764258015256 50.86206896551724 26
1764258021629 54.02298850574713 27
1764258028013 52.87356321839081 28
1764258056046 53.5919540229885 29
1764258064692 53.5919540229885 30
1764258071495 54.310344827586206 31
1764258099884 56.60919540229885 32
1764258106837 54.45402298850575 33
1764258113898 54.166666666666664 34
1764258120868 52.729885057471265 35
1764258127972 55.89080459770115 36
1764258135105 53.735632183908045 37
1764258135118 54.310344827586206 38
