1764251753392 2.068670180710879 0
1764251784584 1.85379681262103 1
1764251810146 1.6955953944813122 2
1764251816956 1.55938690088012 3
1764251823760 1.4619006379084154 4
1764251849124 1.3833006159825758 5
1764251855888 1.3192032927816564 6
1764251881224 1.2925155325369402 7
1764251888050 1.3022782016884198 8
1764251894744 1.2309130809523843 9
1764251933602 1.2401585836302151 10
1764251940468 1.1858909753235904 11
1764251947696 1.1862563572146676 12
1764251954547 1.1454935331236233 13
1764251980527 1.1198044134811922 14
1764251987626 1.1464433466846293 15
1764251994385 1.084342207420956 16
1764252001321 1.0953829356215217 17
1764252008214 1.0362848382104526 18
1764252034444 1.030044095760042 19
1764252043169 1.0573449487035924 20
1764252050052 1.0312626334753903 21
1764252057096 1.0132911069826647 22
1764252063955 0.9843926375562494 23
1764252090033 0.9700679464096372 24
1764252097099 0.991770478812131 25
1764252103986 0.9415613649920984 26
1764252110948 0.9631414305080067 27
1764252117884 0.965358551252972 28
1764252124910 0.9326606392860413 29
1764252124930 0.9843926375562494 30
