1764251753392 26.29310344827586 0
1764251784584 37.06896551724138 1
1764251810146 41.0919540229885 2
1764251816956 41.95402298850575 3
1764251823760 45.40229885057471 4
1764251849124 47.270114942528735 5
1764251855888 49.13793103448276 6
1764251881224 49.42528735632184 7
1764251888050 47.41379310344828 8
1764251894744 51.724137931034484 9
1764251933602 48.275862068965516 10
1764251940468 52.87356321839081 11
1764251947696 51.00574712643678 12
1764251954547 53.87931034482759 13
1764251980527 54.45402298850575 14
1764251987626 57.04022988505747 15
1764251994385 58.333333333333336 16
1764252001321 54.45402298850575 17
1764252008214 59.770114942528735 18
1764252034444 59.195402298850574 19
1764252043169 58.189655172413794 20
1764252050052 60.48850574712644 21
1764252057096 57.90229885057471 22
1764252063955 61.35057471264368 23
1764252090033 61.0632183908046 24
1764252097099 58.62068965517241 25
1764252103986 62.5 26
1764252110948 61.206896551724135 27
1764252117884 60.91954022988506 28
1764252124910 63.2183908045977 29
1764252124930 61.35057471264368 30
