1764303971696 2.0045726841146294 0
1764304006718 1.6600289128043435 1
1764304042556 1.4585805481130427 2
1764304077504 1.3374562480232932 3
1764304095404 1.2426774176684292 4
1764304130601 1.1543761545961553 5
1764304148638 1.1049234487793662 6
1764304166481 0.9914089278741316 7
1764304201028 0.9460793896154924 8
1764304235933 0.9392589818347584 9
1764304253925 0.8851777477697893 10
1764304271857 0.8222615664655512 11
1764304314718 0.7946849086067893 12
1764304349621 0.7475957707925276 13
1764304384538 0.7294640486890619 14
1764304402474 0.715484846721996 15
1764304420419 0.6537548520348289 16
1764304438636 0.6488886746493253 17
1764304456540 0.6224668892947111 18
1764304474672 0.5827842436053536 19
1764304509470 0.5630157020958987 20
1764304527428 0.5654943720860914 21
1764304562154 0.5637587390162728 22
1764304580020 0.5028542171825062 23
1764304598056 0.4837437895211307 24
1764304616040 0.4779785925691778 25
1764304634132 0.45785551179539075 26
1764304652334 0.45706125552004034 27
1764304652346 0.5654943720860914 28
