1764303971696 27.729885057471265 0
1764304006718 42.241379310344826 1
1764304042556 48.99425287356322 2
1764304077504 54.166666666666664 3
1764304095404 55.31609195402299 4
1764304130601 59.05172413793103 5
1764304148638 57.90229885057471 6
1764304166481 64.51149425287356 7
1764304201028 65.08620689655173 8
1764304235933 65.80459770114942 9
1764304253925 67.67241379310344 10
1764304271857 71.83908045977012 11
1764304314718 72.55747126436782 12
1764304349621 74.2816091954023 13
1764304384538 75.28735632183908 14
1764304402474 75.0 15
1764304420419 78.16091954022988 16
1764304438636 78.5919540229885 17
1764304456540 79.74137931034483 18
1764304474672 81.17816091954023 19
1764304509470 81.75287356321839 20
1764304527428 80.74712643678161 21
1764304562154 81.03448275862068 22
1764304580020 84.19540229885058 23
1764304598056 86.0632183908046 24
1764304616040 84.6264367816092 25
1764304634132 85.63218390804597 26
1764304652334 85.91954022988506 27
1764304652346 80.74712643678161 28
