1764292524305 2.2026330774480645 0
1764292557967 2.2020751562985508 1
1764292592281 2.201383807442405 2
1764292626196 2.200420466336337 3
1764292661157 2.1993211182680996 4
1764292694962 2.198162165555087 5
1764292730175 2.1981783996928823 6
1764292765767 2.19694202596491 7
1764292801039 2.195353638042103 8
1764292814405 2.1957721276716753 9
1764292849116 2.194920236414129 10
1764292862988 2.1938283009962602 11
1764292876823 2.193101015957919 12
1764292890666 2.193210580132224 13
1764292904142 2.1920504570007324 14
1764292917688 2.190618645061146 15
1764292917706 2.1957721276716753 16
