1764292524305 5.459770114942529 0
1764292557967 5.172413793103448 1
1764292592281 5.603448275862069 2
1764292626196 6.0344827586206895 3
1764292661157 6.0344827586206895 4
1764292694962 6.32183908045977 5
1764292730175 7.327586206896552 6
1764292765767 10.344827586206897 7
1764292801039 11.063218390804598 8
1764292814405 10.632183908045977 9
1764292849116 11.637931034482758 10
1764292862988 13.362068965517242 11
1764292876823 13.218390804597702 12
1764292890666 13.505747126436782 13
1764292904142 14.367816091954023 14
1764292917688 14.080459770114942 15
1764292917706 10.632183908045977 16
