1764266045054 32.18390804597701 0
1764266079789 46.98275862068966 1
1764266114474 51.867816091954026 2
1764266124931 57.04022988505747 3
1764266159931 59.48275862068966 4
1764266170547 64.94252873563218 5
1764266204733 65.08620689655173 6
1764266214332 67.38505747126437 7
1764266223983 64.36781609195403 8
1764266233829 69.39655172413794 9
1764266243571 74.13793103448276 10
1764266253372 74.13793103448276 11
1764266286239 73.70689655172414 12
1764266321138 78.30459770114942 13
1764266331417 75.86206896551724 14
1764266341737 77.72988505747126 15
1764266351634 80.02873563218391 16
1764266361645 81.32183908045977 17
1764266371580 83.33333333333333 18
1764266371592 73.70689655172414 19
