1764266045054 1.8806557980450718 0
1764266079789 1.398235497149554 1
1764266114474 1.2488847740671851 2
1764266124931 1.120102646675977 3
1764266159931 1.0300397425889969 4
1764266170547 0.9127972945570946 5
1764266204733 0.8805611878633499 6
1764266214332 0.8770251707597212 7
1764266223983 0.8566534485329281 8
1764266233829 0.7632384496656331 9
1764266243571 0.695991808717901 10
1764266253372 0.6936556669798765 11
1764266286239 0.6713016432794657 12
1764266321138 0.5968549095771529 13
1764266331417 0.5758269415660338 14
1764266341737 0.5657979592003606 15
1764266351634 0.5680244334719398 16
1764266361645 0.4985350881787864 17
1764266371580 0.46950786391442473 18
1764266371592 0.6713016432794657 19
