1764270091898 7.040229885057471 0
1764270127576 7.471264367816092 1
1764270158538 7.902298850574713 2
1764270195855 9.482758620689655 3
1764270205386 9.051724137931034 4
1764270214864 8.908045977011493 5
1764270224280 8.764367816091953 6
1764270257512 10.344827586206897 7
1764270267321 11.781609195402298 8
1764270297612 13.936781609195402 9
1764270329922 15.804597701149426 10
1764270359963 15.373563218390805 11
1764270391463 17.097701149425287 12
1764270425556 17.24137931034483 13
1764270435707 18.103448275862068 14
1764270445477 21.695402298850574 15
1764270478777 22.557471264367816 16
1764270510312 21.264367816091955 17
1764270519786 20.54597701149425 18
1764270551579 23.419540229885058 19
1764270586079 23.70689655172414 20
1764270617335 25.14367816091954 21
1764270647201 23.132183908045977 22
1764270657579 24.137931034482758 23
1764270688394 22.701149425287355 24
1764270725331 22.701149425287355 25
1764270755900 21.839080459770116 26
1764270765774 23.99425287356322 27
1764270797238 23.275862068965516 28
1764270827862 23.563218390804597 29
1764270837920 24.71264367816092 30
1764270848019 22.413793103448278 31
1764270858553 23.419540229885058 32
1764270868995 22.844827586206897 33
1764270878810 23.132183908045977 34
1764270878824 23.275862068965516 35
