1764270091898 2.199309392408891 0
1764270127576 2.2003797075965186 1
1764270158538 2.197822776707736 2
1764270195855 2.194269261576913 3
1764270205386 2.193693079731681 4
1764270214864 2.191199828277935 5
1764270224280 2.190934793515639 6
1764270257512 2.1894735531373457 7
1764270267321 2.1859427202831614 8
1764270297612 2.185753518884832 9
1764270329922 2.1848213618451897 10
1764270359963 2.1843362884087996 11
1764270391463 2.1819836551492866 12
1764270425556 2.1805602420460093 13
1764270435707 2.1808307008309797 14
1764270445477 2.1772998950698157 15
1764270478777 2.1767520200122488 16
1764270510312 2.177384154363112 17
1764270519786 2.17534170367501 18
1764270551579 2.1724388165907427 19
1764270586079 2.1719090559265832 20
1764270617335 2.17109200629321 21
1764270647201 2.168990742076527 22
1764270657579 2.167078744281422 23
1764270688394 2.1681788888844578 24
1764270725331 2.1663126295263115 25
1764270755900 2.165290653705597 26
1764270765774 2.1631260080771013 27
1764270797238 2.161794223568656 28
1764270827862 2.1595673127607866 29
1764270837920 2.1593170816248115 30
1764270848019 2.1589525558731775 31
1764270858553 2.1583474441008135 32
1764270868995 2.1543229709972036 33
1764270878810 2.1537379188971086 34
1764270878824 2.161794223568656 35
