1764261813592 2.203253052451394 0
1764261856172 2.1891894990747627 1
1764261889169 2.176774653521451 2
1764261922114 2.1668410301208496 3
1764261954856 2.1545204466039483 4
1764261987692 2.143813219937411 5
1764261996966 2.1361315467140893 6
1764262037677 2.1239066990939053 7
1764262071124 2.118381370197643 8
1764262080442 2.109310106797652 9
1764262121586 2.10120246627114 10
1764262156759 2.0942770567807285 11
1764262186553 2.087845347144387 12
1764262214413 2.076579440723766 13
1764262222382 2.070149074901234 14
1764262230380 2.0634393475272437 15
1764262258578 2.0554928346113726 16
1764262266836 2.0535374121232466 17
1764262275493 2.0415118715979834 18
1764262309617 2.040116613561457 19
1764262346871 2.0330107753927056 20
1764262355639 2.0275510766289453 21
1764262386562 2.0176198916001753 22
1764262395111 2.004697008566423 23
1764262426707 2.0110457593744453 24
1764262457838 2.0044593702663076 25
1764262466598 1.9873146143826572 26
1764262497213 1.9825212088498203 27
1764262505896 1.9874419407411055 28
1764262514859 1.9740646102211692 29
1764262549392 1.966727148402821 30
1764262581520 1.967407313260165 31
1764262590348 1.9586767608469182 32
1764262599071 1.9568142890930176 33
1764262607628 1.9455108859322288 34
1764262616431 1.9310958927327937 35
1764262647797 1.9308085333217273 36
1764262679176 1.9342814033681697 37
1764262687742 1.9263590249148281 38
1764262696039 1.9186415455558083 39
1764262706418 1.91424222425981 40
1764262737830 1.9104996594515713 41
1764262746373 1.9137204560366543 42
1764262754916 1.8931478587063877 43
1764262763620 1.8936923308805986 44
1764262772292 1.8999295993284746 45
1764262780749 1.8886656977913596 46
1764262780762 1.91424222425981 47
