1764261813592 6.17816091954023 0
1764261856172 10.488505747126437 1
1764261889169 13.793103448275861 2
1764261922114 18.24712643678161 3
1764261954856 19.971264367816094 4
1764261987692 24.137931034482758 5
1764261996966 25.14367816091954 6
1764262037677 27.586206896551722 7
1764262071124 26.867816091954023 8
1764262080442 28.879310344827587 9
1764262121586 29.166666666666668 10
1764262156759 28.304597701149426 11
1764262186553 30.603448275862068 12
1764262214413 32.61494252873563 13
1764262222382 32.90229885057471 14
1764262230380 32.90229885057471 15
1764262258578 31.60919540229885 16
1764262266836 31.60919540229885 17
1764262275493 33.189655172413794 18
1764262309617 33.62068965517241 19
1764262346871 34.339080459770116 20
1764262355639 34.195402298850574 21
1764262386562 36.0632183908046 22
1764262395111 35.91954022988506 23
1764262426707 37.35632183908046 24
1764262457838 35.91954022988506 25
1764262466598 37.93103448275862 26
1764262497213 39.367816091954026 27
1764262505896 35.91954022988506 28
1764262514859 38.793103448275865 29
1764262549392 38.793103448275865 30
1764262581520 37.35632183908046 31
1764262590348 37.21264367816092 32
1764262599071 40.804597701149426 33
1764262607628 40.229885057471265 34
1764262616431 41.666666666666664 35
1764262647797 40.94827586206897 36
1764262679176 38.793103448275865 37
1764262687742 40.229885057471265 38
1764262696039 38.36206896551724 39
1764262706418 40.94827586206897 40
1764262737830 40.94827586206897 41
1764262746373 39.798850574712645 42
1764262754916 42.672413793103445 43
1764262763620 42.38505747126437 44
1764262772292 40.94827586206897 45
1764262780749 40.51724137931034 46
1764262780762 40.94827586206897 47
