1764277223428 17.67241379310345 0
1764277256284 33.04597701149425 1
1764277284664 41.0919540229885 2
1764277293499 45.97701149425287 3
1764277321174 54.166666666666664 4
1764277329815 59.62643678160919 5
1764277358553 58.62068965517241 6
1764277386372 63.9367816091954 7
1764277395320 66.8103448275862 8
1764277423942 72.55747126436782 9
1764277450859 69.683908045977 10
1764277459901 69.97126436781609 11
1764277469158 75.43103448275862 12
1764277478295 76.4367816091954 13
1764277487011 73.27586206896552 14
1764277515613 76.86781609195403 15
1764277524353 82.47126436781609 16
1764277533408 80.316091954023 17
1764277542667 83.47701149425288 18
1764277571282 82.04022988505747 19
1764277580341 86.0632183908046 20
1764277589554 86.92528735632185 21
1764277599308 88.07471264367815 22
1764277609494 88.79310344827586 23
1764277619146 88.64942528735632 24
1764277619162 83.47701149425288 25
