1764277223428 2.405897041161855 0
1764277256284 1.7507271369298298 1
1764277284664 1.5443970759709675 2
1764277293499 1.3777557611465454 3
1764277321174 1.2192817131678264 4
1764277329815 1.0747572978337605 5
1764277358553 1.037594626347224 6
1764277386372 0.9576716522375742 7
1764277395320 0.8604915738105774 8
1764277423942 0.7617415388425192 9
1764277450859 0.7462243139743805 10
1764277459901 0.7595707575480143 11
1764277469158 0.6445646286010742 12
1764277478295 0.6698916107416153 13
1764277487011 0.6712518533070883 14
1764277515613 0.6234189172585806 15
1764277524353 0.5106618851423264 16
1764277533408 0.5203249802192053 17
1764277542667 0.4749596565961838 18
1764277571282 0.4571245809396108 19
1764277580341 0.38663854946692783 20
1764277589554 0.3259024719397227 21
1764277599308 0.3217483659585317 22
1764277609494 0.33619973808526993 23
1764277619146 0.3058105359474818 24
1764277619162 0.4749596565961838 25
