1764266382162 2.200007053938779 0
1764266416463 2.1882024895061147 1
1764266450398 2.1793802922422234 2
1764266483660 2.1712146672335537 3
1764266517977 2.1614129651676524 4
1764266554753 2.1535943909124895 5
1764266592842 2.1447084220972927 6
1764266606203 2.13667537949302 7
1764266618817 2.128243484280326 8
1764266654892 2.1173186518929223 9
1764266690551 2.1061337861147793 10
1764266702139 2.0943615924228323 11
1764266736376 2.082373329184272 12
1764266766851 2.067026921293952 13
1764266776547 2.050650715827942 14
1764266806740 2.0339147963307123 15
1764266841316 2.0137510651891883 16
1764266875067 1.9963210360570387 17
1764266905461 1.9708593839948827 18
1764266914895 1.9492479779503562 19
1764266924349 1.921051177111539 20
1764266934214 1.894005079161037 21
1764266944232 1.866200934756886 22
1764266953833 1.8359896323897622 23
1764266983690 1.8036525141109119 24
1764266993374 1.7740240774371407 25
1764267002728 1.736279940063303 26
1764267012067 1.7168099907311527 27
1764267042230 1.6859250556338916 28
1764267052196 1.6563650423830205 29
1764267083134 1.6271376474337145 30
1764267092401 1.6026263562115757 31
1764267124201 1.576967548240315 32
1764267133634 1.5512792495164005 33
1764267142868 1.5293494923548265 34
1764267152178 1.506236574866555 35
1764267183060 1.4942613704638048 36
1764267192368 1.466391763903878 37
1764267201720 1.4471022676337848 38
1764267232334 1.4296330159360713 39
1764267242039 1.4171508198434657 40
1764267251320 1.3942239040678197 41
1764267283409 1.3839340562170201 42
1764267313270 1.3661866377700458 43
1764267322576 1.3486748798327013 44
1764267332254 1.3375680473717777 45
1764267362190 1.3274873400276357 46
1764267371427 1.3086620691147717 47
1764267402632 1.3028452667323025 48
1764267412573 1.2839708572084254 49
1764267422127 1.2840010158040307 50
1764267453447 1.2653101994232698 51
1764267462719 1.2502464665607973 52
1764267472174 1.2493074157021262 53
1764267503027 1.2301513837142424 54
1764267550131 1.2235247601162305 55
1764267560607 1.2199020886963063 56
1764267570089 1.2119179584763267 57
1764267579577 1.2042610442096537 58
1764267589215 1.1967765458605506 59
1764267599347 1.1753249154849486 60
1764267630752 1.1803616055033423 61
1764267661096 1.1699038269844921 62
1764267670669 1.1588731570677324 63
1764267680187 1.1590600907802582 64
1764267689816 1.1537513312968342 65
1764267699432 1.150048945437778 66
1764267708874 1.1480949717489155 67
1764267708888 1.1803616055033423 68
