1764266382162 14.511494252873563 0
1764266416463 17.097701149425287 1
1764266450398 19.82758620689655 2
1764266483660 19.82758620689655 3
1764266517977 23.850574712643677 4
1764266554753 26.867816091954023 5
1764266592842 28.304597701149426 6
1764266606203 28.017241379310345 7
1764266618817 29.45402298850575 8
1764266654892 30.17241379310345 9
1764266690551 32.61494252873563 10
1764266702139 31.17816091954023 11
1764266736376 36.0632183908046 12
1764266766851 38.64942528735632 13
1764266776547 40.229885057471265 14
1764266806740 39.94252873563219 15
1764266841316 43.39080459770115 16
1764266875067 43.247126436781606 17
1764266905461 42.09770114942529 18
1764266914895 42.95977011494253 19
1764266924349 42.672413793103445 20
1764266934214 45.833333333333336 21
1764266944232 41.95402298850575 22
1764266953833 44.97126436781609 23
1764266983690 45.40229885057471 24
1764266993374 46.4080459770115 25
1764267002728 45.97701149425287 26
1764267012067 44.827586206896555 27
1764267042230 46.4080459770115 28
1764267052196 45.833333333333336 29
1764267083134 46.839080459770116 30
1764267092401 45.40229885057471 31
1764267124201 44.97126436781609 32
1764267133634 46.264367816091955 33
1764267142868 46.695402298850574 34
1764267152178 46.98275862068966 35
1764267183060 45.97701149425287 36
1764267192368 46.695402298850574 37
1764267201720 49.56896551724138 38
1764267232334 47.41379310344828 39
1764267242039 47.98850574712644 40
1764267251320 49.2816091954023 41
1764267283409 48.5632183908046 42
1764267313270 47.701149425287355 43
1764267322576 48.99425287356322 44
1764267332254 50.14367816091954 45
1764267362190 49.85632183908046 46
1764267371427 51.867816091954026 47
1764267402632 50.14367816091954 48
1764267412573 52.87356321839081 49
1764267422127 51.4367816091954 50
1764267453447 52.01149425287356 51
1764267462719 53.160919540229884 52
1764267472174 52.1551724137931 53
1764267503027 55.31609195402299 54
1764267550131 53.87931034482759 55
1764267560607 55.747126436781606 56
1764267570089 54.741379310344826 57
1764267579577 55.45977011494253 58
1764267589215 56.752873563218394 59
1764267599347 55.172413793103445 60
1764267630752 53.87931034482759 61
1764267661096 57.47126436781609 62
1764267670669 55.31609195402299 63
1764267680187 56.60919540229885 64
1764267689816 57.47126436781609 65
1764267699432 56.03448275862069 66
1764267708874 57.18390804597701 67
1764267708888 53.87931034482759 68
