1764308679616 15.660919540229886 0
1764308714741 22.988505747126435 1
1764308750136 36.35057471264368 2
1764308785927 43.96551724137931 3
1764308820842 46.12068965517241 4
1764308855720 51.00574712643678 5
1764308890876 55.31609195402299 6
1764308925870 61.206896551724135 7
1764308960833 62.5 8
1764308978883 64.94252873563218 9
1764308997022 68.67816091954023 10
1764309015169 70.40229885057471 11
1764309033504 73.27586206896552 12
1764309051564 70.83333333333333 13
1764309086702 72.70114942528735 14
1764309104971 73.5632183908046 15
1764309123003 73.99425287356321 16
1764309157884 76.00574712643679 17
1764309175943 79.16666666666667 18
1764309194079 79.74137931034483 19
1764309212160 80.60344827586206 20
1764309230185 81.17816091954023 21
1764309248074 83.62068965517241 22
1764309248085 73.99425287356321 23
