1764308679616 2.8170262972513833 0
1764308714741 2.037492831548055 1
1764308750136 1.8142945369084675 2
1764308785927 1.661683976650238 3
1764308820842 1.478696624437968 4
1764308855720 1.2797828316688538 5
1764308890876 1.192398448785146 6
1764308925870 1.0934862196445465 7
1764308960833 0.9661149680614471 8
1764308978883 0.9247912963231405 9
1764308997022 0.886584053436915 10
1764309015169 0.7783586978912354 11
1764309033504 0.7038133243719736 12
1764309051564 0.7572649419307709 13
1764309086702 0.7583532333374023 14
1764309104971 0.751687745253245 15
1764309123003 0.6680107712745667 16
1764309157884 0.6555765867233276 17
1764309175943 0.5999954144159952 18
1764309194079 0.5838928719361623 19
1764309212160 0.542922705411911 20
1764309230185 0.4928750842809677 21
1764309248074 0.48829124371210736 22
1764309248085 0.6680107712745667 23
