1764289254958 2.1895243254574863 0
1764289292125 2.1539561531760474 1
1764289334886 2.1187982992692427 2
1764289369413 2.0761970498345117 3
1764289382517 2.0225347497246484 4
1764289395512 1.960734790021723 5
1764289432841 1.8932657675309614 6
1764289468929 1.832994666966525 7
1764289504145 1.773293137550354 8
1764289538953 1.6802195093848489 9
1764289552127 1.6569954807108098 10
1764289587100 1.628784959966486 11
1764289600067 1.5644785490902988 12
1764289634870 1.520613280209628 13
1764289648938 1.494229013269598 14
1764289662306 1.479275638406927 15
1764289697122 1.3754687851125544 16
1764289710022 1.3784745823253284 17
1764289723465 1.329415332187306 18
1764289760877 1.348043225028298 19
1764289773489 1.2698263255032627 20
1764289787089 1.3666857264258645 21
1764289800608 1.238157337362116 22
1764289840006 1.2071280154314907 23
1764289853811 1.139807321808555 24
1764289868133 1.1778890653090044 25
1764289903670 1.2057847001335837 26
1764289942670 1.1294953281229192 27
1764289955614 1.077097778970545 28
1764289968821 1.042143388227983 29
1764289982063 1.049446620724418 30
1764290019051 1.015405465256084 31
1764290033000 1.010866484858773 32
1764290046631 1.023938769643957 33
1764290060481 1.0662250572984868 34
1764290074355 0.9835606109012257 35
1764290088299 0.9700193134221163 36
1764290088315 1.049446620724418 37
