1764289254958 14.080459770114942 0
1764289292125 22.701149425287355 1
1764289334886 30.028735632183906 2
1764289369413 30.45977011494253 3
1764289382517 31.46551724137931 4
1764289395512 33.47701149425287 5
1764289432841 34.770114942528735 6
1764289468929 34.05172413793103 7
1764289504145 36.35057471264368 8
1764289538953 42.81609195402299 9
1764289552127 37.78735632183908 10
1764289587100 42.09770114942529 11
1764289600067 43.10344827586207 12
1764289634870 42.09770114942529 13
1764289648938 44.10919540229885 14
1764289662306 45.833333333333336 15
1764289697122 50.28735632183908 16
1764289710022 48.275862068965516 17
1764289723465 52.1551724137931 18
1764289760877 49.13793103448276 19
1764289773489 50.0 20
1764289787089 48.41954022988506 21
1764289800608 55.31609195402299 22
1764289840006 54.59770114942529 23
1764289853811 55.747126436781606 24
1764289868133 55.45977011494253 25
1764289903670 53.735632183908045 26
1764289942670 57.758620689655174 27
1764289955614 59.339080459770116 28
1764289968821 59.91379310344828 29
1764289982063 59.05172413793103 30
1764290019051 61.35057471264368 31
1764290033000 60.05747126436781 32
1764290046631 62.35632183908046 33
1764290060481 60.48850574712644 34
1764290074355 60.91954022988506 35
1764290088299 60.48850574712644 36
1764290088315 59.05172413793103 37
