1764298202469 2.1122334653680976 0
1764298240095 1.7763015248558738 1
1764298275666 1.5063407868146896 2
1764298315023 1.2734952690926464 3
1764298333756 1.233774110674858 4
1764298352529 1.1007332463156094 5
1764298389364 1.0460817773233761 6
1764298407981 1.0230490822683682 7
1764298443441 0.9852316989140077 8
1764298479000 0.910892441868782 9
1764298497804 0.8778033601966772 10
1764298533255 0.8458797877485101 11
1764298551569 0.8215391351418062 12
1764298587687 0.8139613809233363 13
1764298606316 0.7811468155546621 14
1764298625009 0.7687774639238011 15
1764298643677 0.710676908493042 16
1764298662425 0.7133851450952616 17
1764298698675 0.6730462471869859 18
1764298717435 0.6295584880492904 19
1764298752556 0.6254052838141267 20
1764298771114 0.6507107791575518 21
1764298789893 0.5839105769991875 22
1764298826764 0.5981966588984836 23
1764298845610 0.5388720353895967 24
1764298864512 0.5696044256064025 25
1764298883499 0.5156905363229188 26
1764298902362 0.5657506314190951 27
1764298921313 0.49946503578261897 28
1764298921323 0.5839105769991875 29
