1764298202469 21.408045977011493 0
1764298240095 35.3448275862069 1
1764298275666 44.827586206896555 2
1764298315023 53.304597701149426 3
1764298333756 52.58620689655172 4
1764298352529 58.9080459770115 5
1764298389364 61.206896551724135 6
1764298407981 61.49425287356322 7
1764298443441 61.49425287356322 8
1764298479000 63.64942528735632 9
1764298497804 67.09770114942529 10
1764298533255 69.25287356321839 11
1764298551569 67.67241379310344 12
1764298587687 68.39080459770115 13
1764298606316 69.97126436781609 14
1764298625009 71.55172413793103 15
1764298643677 73.13218390804597 16
1764298662425 72.70114942528735 17
1764298698675 75.57471264367815 18
1764298717435 76.4367816091954 19
1764298752556 74.85632183908046 20
1764298771114 75.28735632183908 21
1764298789893 79.02298850574712 22
1764298826764 78.16091954022988 23
1764298845610 79.3103448275862 24
1764298864512 79.02298850574712 25
1764298883499 81.32183908045977 26
1764298902362 79.59770114942529 27
1764298921313 81.60919540229885 28
1764298921323 79.02298850574712 29
