1764282813947 2.119718234647404 0
1764282861126 1.88078464161266 1
1764282900603 1.6630277335643768 2
1764282936774 1.5046111643314362 3
1764282951152 1.4103352644226768 4
1764282967424 1.3171929148110477 5
1764283003277 1.2576002424413508 6
1764283038206 1.1722115671092814 7
1764283074184 1.1483582745898853 8
1764283088901 1.070360092954202 9
1764283103874 1.0215568379922346 10
1764283118413 0.9743596742098982 11
1764283132103 0.9359789436513727 12
1764283146110 0.8674069602381099 13
1764283146125 1.1722115671092814 14
