1764282813947 20.833333333333332 0
1764282861126 31.75287356321839 1
1764282900603 37.5 2
1764282936774 42.09770114942529 3
1764282951152 43.10344827586207 4
1764282967424 48.132183908045974 5
1764283003277 50.86206896551724 6
1764283038206 54.88505747126437 7
1764283074184 51.4367816091954 8
1764283088901 56.60919540229885 9
1764283103874 59.339080459770116 10
1764283118413 60.632183908045974 11
1764283132103 63.793103448275865 12
1764283146110 68.24712643678161 13
1764283146125 54.88505747126437 14
