1764300624588 2.1672207604755056 0
1764300661088 2.109876510771838 1
1764300696738 2.0458907024426893 2
1764300732737 1.980523564598777 3
1764300768403 1.8979686146432704 4
1764300787130 1.832321440631693 5
1764300823438 1.7739322673190723 6
1764300842389 1.7018871930512516 7
1764300861441 1.6441283876245671 8
1764300897332 1.605224235491319 9
1764300916405 1.559701223265041 10
1764300935353 1.5094560330564326 11
1764300954332 1.4440701509063893 12
1764300990867 1.4276033450256695 13
1764301009795 1.3866962004791608 14
1764301028722 1.3480472794987939 15
1764301064809 1.356689909642393 16
1764301083856 1.2950508079745553 17
1764301102948 1.31806218624115 18
1764301138869 1.2916759144176135 19
1764301175029 1.2583684569055384 20
1764301194028 1.2642026299780065 21
1764301213092 1.2262263961813666 22
1764301231967 1.24705200845545 23
1764301267661 1.1760111383416436 24
1764301286672 1.1569746448235079 25
1764301305691 1.1841288723728873 26
1764301342147 1.1924216679551385 27
1764301361000 1.1388811631636186 28
1764301396866 1.1343331160870465 29
1764301415996 1.141509091312235 30
1764301435389 1.0994238419966265 31
1764301455337 1.088552408597686 32
1764301474714 1.0881308235905387 33
1764301494014 1.0939631272446027 34
1764301494025 1.1388811631636186 35
