1764300624588 19.971264367816094 0
1764300661088 26.724137931034484 1
1764300696738 30.603448275862068 2
1764300732737 33.764367816091955 3
1764300768403 35.632183908045974 4
1764300787130 36.49425287356322 5
1764300823438 38.64942528735632 6
1764300842389 40.08620689655172 7
1764300861441 41.666666666666664 8
1764300897332 41.235632183908045 9
1764300916405 41.52298850574713 10
1764300935353 45.11494252873563 11
1764300954332 44.39655172413793 12
1764300990867 47.12643678160919 13
1764301009795 46.4080459770115 14
1764301028722 47.8448275862069 15
1764301064809 49.13793103448276 16
1764301083856 50.57471264367816 17
1764301102948 50.28735632183908 18
1764301138869 51.724137931034484 19
1764301175029 53.160919540229884 20
1764301194028 53.44827586206897 21
1764301213092 51.4367816091954 22
1764301231967 51.4367816091954 23
1764301267661 57.04022988505747 24
1764301286672 56.752873563218394 25
1764301305691 52.44252873563219 26
1764301342147 53.160919540229884 27
1764301361000 56.89655172413793 28
1764301396866 55.747126436781606 29
1764301415996 56.752873563218394 30
1764301435389 56.46551724137931 31
1764301455337 58.04597701149425 32
1764301474714 60.05747126436781 33
1764301494014 59.05172413793103 34
1764301494025 56.89655172413793 35
