1764283854260 1.9393245035951787 0
1764283896790 1.4441975070671602 1
1764283935889 1.2419627024368807 2
1764283973161 1.0860119272362103 3
1764283986686 1.0316274220293218 4
1764284023043 0.8774584416638721 5
1764284036338 0.8282745974985036 6
1764284069913 0.8220608864318241 7
1764284083298 0.785148760811849 8
1764284096328 0.7430175752802328 9
1764284111186 0.707873897119002 10
1764284125630 0.6823369840329344 11
1764284138313 0.6271499425850131 12
1764284171058 0.547841680998152 13
1764284184556 0.5114146173000336 14
1764284197431 0.5340643765574152 15
1764284231176 0.5423218800940297 16
1764284245272 0.5229220187122171 17
1764284258599 0.4108126214282079 18
1764284292460 0.359233441000635 19
1764284327155 0.37201134995980695 20
1764284340502 0.3695494991473176 21
1764284355246 0.32758627815002744 22
1764284369538 0.3129435476254333 23
1764284383655 0.2806361388753761 24
1764284417694 0.2731454943899404 25
1764284431551 0.21522293984889984 26
1764284463676 0.17915129657326775 27
1764284477459 0.23858207972212273 28
1764284491972 0.22175348372283307 29
1764284506132 0.20109956440600482 30
1764284520166 0.20404110205444423 31
1764284533831 0.22538075399246404 32
1764284533844 0.21522293984889984 33
