1764283854260 27.586206896551722 0
1764283896790 41.37931034482759 1
1764283935889 49.2816091954023 2
1764283973161 59.339080459770116 3
1764283986686 61.0632183908046 4
1764284023043 68.10344827586206 5
1764284036338 69.10919540229885 6
1764284069913 69.82758620689656 7
1764284083298 70.54597701149426 8
1764284096328 72.27011494252874 9
1764284111186 73.41954022988506 10
1764284125630 75.7183908045977 11
1764284138313 77.58620689655173 12
1764284171058 79.16666666666667 13
1764284184556 81.75287356321839 14
1764284197431 81.89655172413794 15
1764284231176 81.32183908045977 16
1764284245272 79.16666666666667 17
1764284258599 84.77011494252874 18
1764284292460 87.06896551724138 19
1764284327155 86.63793103448276 20
1764284340502 86.35057471264368 21
1764284355246 89.51149425287356 22
1764284369538 89.79885057471265 23
1764284383655 89.79885057471265 24
1764284417694 89.79885057471265 25
1764284431551 92.95977011494253 26
1764284463676 94.82758620689656 27
1764284477459 91.8103448275862 28
1764284491972 91.52298850574712 29
1764284506132 93.24712643678161 30
1764284520166 93.96551724137932 31
1764284533831 92.67241379310344 32
1764284533844 92.95977011494253 33
