1764272217726 12.931034482758621 0
1764272248062 16.091954022988507 1
1764272257655 15.660919540229886 2
1764272267187 22.844827586206897 3
1764272297824 26.724137931034484 4
1764272329040 27.298850574712645 5
1764272360062 32.04022988505747 6
1764272369716 33.333333333333336 7
1764272379364 35.775862068965516 8
1764272389121 38.64942528735632 9
1764272398487 34.195402298850574 10
1764272431066 39.51149425287356 11
1764272440806 38.50574712643678 12
1764272450368 38.9367816091954 13
1764272484708 42.38505747126437 14
1764272494872 42.672413793103445 15
1764272505060 43.39080459770115 16
1764272514822 43.53448275862069 17
1764272524961 47.12643678160919 18
1764272534652 40.08620689655172 19
1764272534668 38.9367816091954 20
