1764272217726 2.1936401453885166 0
1764272248062 2.164588212966919 1
1764272257655 2.140364495190707 2
1764272267187 2.1136184605685147 3
1764272297824 2.0774994546716865 4
1764272329040 2.0348577932877974 5
1764272360062 1.9818752678957852 6
1764272369716 1.9252411994067105 7
1764272379364 1.8710055134513162 8
1764272389121 1.7772455432198264 9
1764272398487 1.76728956265883 10
1764272431066 1.6633729176087813 11
1764272440806 1.6680643883618442 12
1764272450368 1.6326233040202747 13
1764272484708 1.5898862968791614 14
1764272494872 1.5800918340682983 15
1764272505060 1.53232910416343 16
1764272514822 1.6099327152425593 17
1764272524961 1.39462271603671 18
1764272534652 1.4992669820785522 19
1764272534668 1.6326233040202747 20
