1764261237459 18.103448275862068 0
1764261271875 24.85632183908046 1
1764261303906 27.298850574712645 2
1764261338518 32.90229885057471 3
1764261370619 35.91954022988506 4
1764261401799 37.5 5
1764261435297 40.51724137931034 6
1764261444778 39.51149425287356 7
1764261485501 41.95402298850575 8
1764261521983 43.82183908045977 9
1764261532910 44.54022988505747 10
1764261541724 43.67816091954023 11
1764261550802 44.97126436781609 12
1764261559836 44.97126436781609 13
1764261598545 47.8448275862069 14
1764261634126 44.39655172413793 15
1764261644186 47.701149425287355 16
1764261653382 48.99425287356322 17
1764261662840 47.41379310344828 18
1764261700575 47.12643678160919 19
1764261711896 47.701149425287355 20
1764261721078 50.14367816091954 21
1764261757472 49.56896551724138 22
1764261766283 49.13793103448276 23
1764261774880 51.867816091954026 24
1764261784255 49.56896551724138 25
1764261792781 50.86206896551724 26
1764261801848 50.86206896551724 27
1764261801863 50.14367816091954 28
