1764261237459 2.152902429754084 0
1764261271875 2.0793276049874048 1
1764261303906 2.021960561925715 2
1764261338518 1.969751238822937 3
1764261370619 1.915290041403337 4
1764261401799 1.870781584219499 5
1764261435297 1.8390679576180198 6
1764261444778 1.810526349327781 7
1764261485501 1.7707368243824353 8
1764261521983 1.7373725934462114 9
1764261532910 1.7036521976644343 10
1764261541724 1.6694864251396873 11
1764261550802 1.654668927192688 12
1764261559836 1.6251317479393699 13
1764261598545 1.5950379696759311 14
1764261634126 1.585954102602872 15
1764261644186 1.5638951713388616 16
1764261653382 1.5366260571913286 17
1764261662840 1.5088189081712202 18
1764261700575 1.4941427057439631 19
1764261711896 1.5037008415568958 20
1764261721078 1.4699468504298816 21
1764261757472 1.45815017006614 22
1764261766283 1.4398455728184094 23
1764261774880 1.4116728630932895 24
1764261784255 1.4115230170163242 25
1764261792781 1.4016342488202183 26
1764261801848 1.390297998081554 27
1764261801863 1.4699468504298816 28
