1764309451731 2.0378378033638 0
1764309487001 1.7695927619934082 1
1764309521760 1.5977481206258137 2
1764309539839 1.465348521868388 3
1764309558032 1.3836685419082642 4
1764309592959 1.3183347582817078 5
1764309628149 1.242440144220988 6
1764309664655 1.1879850029945374 7
1764309699380 1.1332237521807353 8
1764309717392 1.1103032231330872 9
1764309752798 1.0733516812324524 10
1764309787922 1.027920087178548 11
1764309806169 0.9563912252585093 12
1764309841050 0.9270808498064677 13
1764309876320 0.896644284327825 14
1764309894743 0.8830448091030121 15
1764309913150 0.8623452087243398 16
1764309948240 0.8389304677645365 17
1764309966384 0.8001354336738586 18
1764310001782 0.7960405349731445 19
1764310037531 0.7596110800902048 20
1764310055733 0.7416131893793741 21
1764310090844 0.7175987958908081 22
1764310109124 0.694076786438624 23
1764310127292 0.6604876418908437 24
1764310162761 0.6720690925916036 25
1764310181072 0.6454928517341614 26
1764310199260 0.6182981332143148 27
1764310217567 0.6066817243893942 28
1764310252809 0.5924659818410873 29
1764310271016 0.5875068803628286 30
1764310289398 0.58641250928243 31
1764310307876 0.5441194524367651 32
1764310326176 0.5386416415373484 33
1764310344498 0.5120712419350942 34
1764310344508 0.6066817243893942 35
