1764309451731 26.149425287356323 0
1764309487001 41.37931034482759 1
1764309521760 45.54597701149425 2
1764309539839 48.85057471264368 3
1764309558032 51.00574712643678 4
1764309592959 53.735632183908045 5
1764309628149 53.735632183908045 6
1764309664655 61.35057471264368 7
1764309699380 60.48850574712644 8
1764309717392 63.64942528735632 9
1764309752798 62.06896551724138 10
1764309787922 61.92528735632184 11
1764309806169 68.53448275862068 12
1764309841050 68.53448275862068 13
1764309876320 67.67241379310344 14
1764309894743 68.10344827586206 15
1764309913150 68.67816091954023 16
1764309948240 72.1264367816092 17
1764309966384 72.55747126436782 18
1764310001782 73.99425287356321 19
1764310037531 74.42528735632185 20
1764310055733 74.85632183908046 21
1764310090844 75.57471264367815 22
1764310109124 76.58045977011494 23
1764310127292 77.44252873563218 24
1764310162761 76.58045977011494 25
1764310181072 78.73563218390805 26
1764310199260 78.87931034482759 27
1764310217567 80.74712643678161 28
1764310252809 81.17816091954023 29
1764310271016 82.47126436781609 30
1764310289398 81.03448275862068 31
1764310307876 82.183908045977 32
1764310326176 82.32758620689656 33
1764310344498 83.33333333333333 34
1764310344508 80.74712643678161 35
