1764260214784 14.798850574712644 0
1764260254777 17.24137931034483 1
1764260302105 20.689655172413794 2
1764260341667 23.275862068965516 3
1764260356412 24.42528735632184 4
1764260397863 28.304597701149426 5
1764260439194 27.873563218390803 6
1764260498208 31.17816091954023 7
1764260553239 32.61494252873563 8
1764260567075 32.47126436781609 9
1764260583784 33.9080459770115 10
1764260597849 32.90229885057471 11
1764260611657 36.7816091954023 12
1764260625457 37.21264367816092 13
1764260625470 31.17816091954023 14
