1764260214784 2.1962461417371575 0
1764260254777 2.152872611175884 1
1764260302105 2.1225235245444556 2
1764260341667 2.1030873493714766 3
1764260356412 2.0916453925046055 4
1764260397863 2.070599965073846 5
1764260439194 2.048448822715066 6
1764260498208 2.0189210311932997 7
1764260553239 2.012753091075204 8
1764260567075 1.9861504706469448 9
1764260583784 1.9650952274149114 10
1764260597849 1.952495520765131 11
1764260611657 1.9298547858541661 12
1764260625457 1.9280143244699999 13
1764260625470 2.0189210311932997 14
