1764250626794 16.091954022988507 0
1764250657192 31.32183908045977 1
1764250687786 38.07471264367816 2
1764250695972 37.06896551724138 3
1764250724979 39.798850574712645 4
1764250732633 42.09770114942529 5
1764250762391 46.55172413793103 6
1764250769876 45.97701149425287 7
1764250777404 48.132183908045974 8
1764250807875 48.85057471264368 9
1764250817683 49.42528735632184 10
1764250848156 52.44252873563219 11
1764250855922 52.01149425287356 12
1764250863895 52.729885057471265 13
1764250893697 54.741379310344826 14
1764250902028 52.1551724137931 15
1764250910238 52.58620689655172 16
1764250918306 56.32183908045977 17
1764250926371 55.31609195402299 18
1764250934060 57.61494252873563 19
