1764250626794 2.135413473302668 0
1764250657192 1.9652219143780796 1
1764250687786 1.8039297569881787 2
1764250695972 1.6759018816731193 3
1764250724979 1.581931092522361 4
1764250732633 1.5034679120237178 5
1764250762391 1.400915503501892 6
1764250769876 1.3726249743591656 7
1764250777404 1.3318596279079264 8
1764250807875 1.2914685119282117 9
1764250817683 1.2936819290572947 10
1764250848156 1.2223688106645236 11
1764250855922 1.2332143864848397 12
1764250863895 1.1936291578141125 13
1764250893697 1.178087680177255 14
1764250902028 1.1812684021212838 15
1764250910238 1.152843784202229 16
1764250918306 1.098732590675354 17
1764250926371 1.1468254016204313 18
1764250934060 1.0998980619690635 19
