1764311411760 2.1940179665883384 0
1764311446960 2.192434390385946 1
1764311465439 2.1912734508514404 2
1764311501088 2.1902703046798706 3
1764311536152 2.1884892781575522 4
1764311571234 2.1891494592030845 5
1764311609141 2.1891786654790244 6
1764311627560 2.1879006226857505 7
1764311646352 2.186100125312805 8
1764311664657 2.184889038403829 9
1764311700026 2.183760404586792 10
1764311735599 2.18635626633962 11
1764311771053 2.182498653729757 12
1764311806261 2.1818376779556274 13
1764311841458 2.180330673853556 14
1764311879054 2.180697043736776 15
1764311897634 2.1805817683537803 16
1764311916120 2.180047313372294 17
1764311934597 2.1784712076187134 18
1764311953162 2.17728583017985 19
1764311971751 2.177388151486715 20
1764311971775 2.180330673853556 21
