1764311411760 11.637931034482758 0
1764311446960 12.64367816091954 1
1764311465439 11.925287356321839 2
1764311501088 13.793103448275861 3
1764311536152 15.373563218390805 4
1764311571234 14.942528735632184 5
1764311609141 14.080459770114942 6
1764311627560 15.086206896551724 7
1764311646352 15.373563218390805 8
1764311664657 14.798850574712644 9
1764311700026 15.804597701149426 10
1764311735599 14.655172413793103 11
1764311771053 14.080459770114942 12
1764311806261 15.373563218390805 13
1764311841458 15.229885057471265 14
1764311879054 17.528735632183906 15
1764311897634 16.235632183908045 16
1764311916120 14.942528735632184 17
1764311934597 17.24137931034483 18
1764311953162 18.53448275862069 19
1764311971751 18.103448275862068 20
1764311971775 15.229885057471265 21
