1764294609405 19.683908045977013 0
1764294642654 40.08620689655172 1
1764294677382 49.13793103448276 2
1764294715099 58.764367816091955 3
1764294749107 64.36781609195403 4
1764294782417 67.24137931034483 5
1764294816106 68.82183908045977 6
1764294828943 74.56896551724138 7
1764294842027 75.14367816091954 8
1764294875385 78.30459770114942 9
1764294888835 82.04022988505747 10
1764294901664 84.05172413793103 11
1764294914317 83.47701149425288 12
1764294927171 82.47126436781609 13
1764294960477 86.0632183908046 14
1764294973225 88.36206896551724 15
1764294985601 90.94827586206897 16
1764295018956 91.37931034482759 17
1764295032497 91.66666666666667 18
1764295045409 92.24137931034483 19
1764295058008 93.96551724137932 20
1764295092891 94.25287356321839 21
1764295106669 94.25287356321839 22
1764295119694 95.83333333333333 23
1764295131989 95.40229885057471 24
1764295145199 98.5632183908046 25
1764295157778 97.27011494252874 26
1764295157799 93.96551724137932 27
