1764294609405 2.16803510983785 0
1764294642654 1.6866953770319622 1
1764294677382 1.3407884041468303 2
1764294715099 1.1473124821980794 3
1764294749107 1.0020317137241364 4
1764294782417 0.8786672552426656 5
1764294816106 0.8089141647020975 6
1764294828943 0.7538893322149912 7
1764294842027 0.6659977535406748 8
1764294875385 0.6220692098140717 9
1764294888835 0.5341077943642935 10
1764294901664 0.48193616171677905 11
1764294914317 0.4534965207179387 12
1764294927171 0.4799983849128087 13
1764294960477 0.4012559801340103 14
1764294973225 0.38010361790657043 15
1764294985601 0.3109901696443558 16
1764295018956 0.2919791614015897 17
1764295032497 0.2632022549708684 18
1764295045409 0.24946285535891852 19
1764295058008 0.217780369023482 20
1764295092891 0.22096275289853415 21
1764295106669 0.19873777280251184 22
1764295119694 0.16323656837145487 23
1764295131989 0.1559223048388958 24
1764295145199 0.1089151141544183 25
1764295157778 0.1107088973124822 26
1764295157799 0.217780369023482 27
