1764255642628 2.187209685643514 0
1764255687039 1.8692458868026733 1
1764255715002 1.6626093983650208 2
1764255721538 1.636528193950653 3
1764255748793 1.5148409406344097 4
1764255755243 1.4811400175094604 5
1764255761669 1.397759477297465 6
1764255790765 1.2897907892862956 7
1764255797259 1.3306610782941182 8
1764255825533 1.2770663897196453 9
1764255855287 1.2446883122126262 10
1764255862020 1.2925169269243877 11
1764255868432 1.2442688544591267 12
1764255874887 1.205514927705129 13
1764255881529 1.2271724740664165 14
1764255888963 1.1120271881421406 15
1764255888977 1.2770663897196453 16
