1764255642628 20.25862068965517 0
1764255687039 31.32183908045977 1
1764255715002 36.206896551724135 2
1764255721538 38.50574712643678 3
1764255748793 40.51724137931034 4
1764255755243 41.37931034482759 5
1764255761669 44.39655172413793 6
1764255790765 44.97126436781609 7
1764255797259 46.98275862068966 8
1764255825533 49.56896551724138 9
1764255855287 51.14942528735632 10
1764255862020 50.14367816091954 11
1764255868432 48.275862068965516 12
1764255874887 52.44252873563219 13
1764255881529 52.729885057471265 14
1764255888963 54.02298850574713 15
1764255888977 49.56896551724138 16
