1764262888724 9.334837198257446 0
1764262923346 4.9970634778340655 1
1764262933830 3.165275494257609 2
1764262943886 3.1584142446517944 3
1764262953483 2.7541507482528687 4
1764262988912 2.5292988618214927 5
1764263023271 2.282232880592346 6
1764263057513 2.2019922335942588 7
1764263093793 2.221763769785563 8
1764263128998 2.232052763303121 9
1764263140918 1.9476742148399353 10
1764263174966 1.9434798161188762 11
1764263210287 1.8259597619374592 12
1764263244997 1.758686085542043 13
1764263255369 1.7112071911493938 14
1764263290572 1.7111757795015972 15
1764263326436 1.5736114184061687 16
1764263336078 1.6594348947207134 17
1764263345664 1.5995091994603474 18
1764263355815 1.536009172598521 19
1764263394030 1.543156584103902 20
1764263404947 1.484649936358134 21
1764263416062 1.4901135563850403 22
1764263427833 1.4064749081929524 23
1764263438151 1.5039740999539692 24
1764263448981 1.4557811220486958 25
1764263449003 1.536009172598521 26
