1764262888724 15.804597701149426 0
1764262923346 20.402298850574713 1
1764262933830 21.839080459770116 2
1764262943886 21.695402298850574 3
1764262953483 22.413793103448278 4
1764262988912 22.701149425287355 5
1764263023271 25.0 6
1764263057513 29.022988505747126 7
1764263093793 28.017241379310345 8
1764263128998 26.00574712643678 9
1764263140918 28.160919540229884 10
1764263174966 31.03448275862069 11
1764263210287 33.189655172413794 12
1764263244997 33.04597701149425 13
1764263255369 31.896551724137932 14
1764263290572 34.91379310344828 15
1764263326436 36.92528735632184 16
1764263336078 37.78735632183908 17
1764263345664 37.78735632183908 18
1764263355815 39.94252873563219 19
1764263394030 40.229885057471265 20
1764263404947 41.0919540229885 21
1764263416062 39.367816091954026 22
1764263427833 44.10919540229885 23
1764263438151 42.95977011494253 24
1764263448981 41.95402298850575 25
1764263449003 39.94252873563219 26
