1764292932133 2.198252807963978 0
1764292965560 2.197999607432972 1
1764292978235 2.1960818984291772 2
1764292990843 2.194993322545832 3
1764293022999 2.193860899318348 4
1764293035677 2.192231156609275 5
1764293048431 2.1916540536013516 6
1764293061094 2.1899767138741235 7
1764293073733 2.1897283684123647 8
1764293086943 2.1889013810591265 9
1764293118339 2.187644134868275 10
1764293131113 2.187221267006614 11
1764293143843 2.185675469311801 12
1764293157009 2.184567321430553 13
1764293170285 2.183581829071045 14
1764293203266 2.1833085363561455 15
1764293239036 2.1819067868319424 16
1764293274327 2.1821060614152388 17
1764293287715 2.180487481030551 18
1764293323530 2.1801678484136406 19
1764293358793 2.1798618056557397 20
1764293395900 2.1783569726076992 21
1764293408682 2.178187608718872 22
1764293421472 2.177187594500455 23
1764293455026 2.1760502728548916 24
1764293488016 2.17629751292142 25
1764293521953 2.175146146254106 26
1764293565186 2.1752970652146773 27
1764293579529 2.1746906367215244 28
1764293593992 2.174064787951383 29
1764293608165 2.1733624935150146 30
1764293643667 2.1714503331617876 31
1764293656724 2.1713908585635098 32
1764293670260 2.17096530307423 33
1764293705080 2.1696737679568203 34
1764293740155 2.170000119642778 35
1764293775334 2.1691664999181572 36
1764293788664 2.1693472428755327 37
1764293801711 2.1677944226698442 38
1764293815080 2.167937062003396 39
1764293828817 2.1673770167610864 40
1764293842100 2.166758277199485 41
1764293842112 2.170000119642778 42
