1764292932133 11.494252873563218 0
1764292965560 11.350574712643677 1
1764292978235 11.494252873563218 2
1764292990843 11.494252873563218 3
1764293022999 11.494252873563218 4
1764293035677 11.494252873563218 5
1764293048431 11.494252873563218 6
1764293061094 11.494252873563218 7
1764293073733 11.494252873563218 8
1764293086943 11.494252873563218 9
1764293118339 11.350574712643677 10
1764293131113 11.350574712643677 11
1764293143843 11.350574712643677 12
1764293157009 11.350574712643677 13
1764293170285 11.781609195402298 14
1764293203266 12.5 15
1764293239036 11.781609195402298 16
1764293274327 12.78735632183908 17
1764293287715 12.931034482758621 18
1764293323530 12.78735632183908 19
1764293358793 12.35632183908046 20
1764293395900 13.362068965517242 21
1764293408682 14.511494252873563 22
1764293421472 15.229885057471265 23
1764293455026 14.798850574712644 24
1764293488016 15.804597701149426 25
1764293521953 15.086206896551724 26
1764293565186 15.804597701149426 27
1764293579529 16.235632183908045 28
1764293593992 16.091954022988507 29
1764293608165 16.666666666666668 30
1764293643667 16.666666666666668 31
1764293656724 15.804597701149426 32
1764293670260 17.816091954022987 33
1764293705080 18.53448275862069 34
1764293740155 17.097701149425287 35
1764293775334 17.528735632183906 36
1764293788664 17.95977011494253 37
1764293801711 17.816091954022987 38
1764293815080 17.528735632183906 39
1764293828817 16.091954022988507 40
1764293842100 17.385057471264368 41
1764293842112 17.097701149425287 42
