1764273016937 18.67816091954023 0
1764273046469 27.442528735632184 1
1764273083573 31.60919540229885 2
1764273113440 34.91379310344828 3
1764273122469 37.06896551724138 4
1764273131508 39.367816091954026 5
1764273168566 37.64367816091954 6
1764273177511 34.770114942528735 7
1764273186405 39.94252873563219 8
1764273195436 39.798850574712645 9
1764273204397 42.672413793103445 10
1764273238274 43.247126436781606 11
1764273247356 42.241379310344826 12
1764273256288 42.38505747126437 13
1764273265222 44.68390804597701 14
1764273273938 44.827586206896555 15
1764273283202 43.53448275862069 16
1764273283217 42.672413793103445 17
