1764273016937 2.1727414347908716 0
1764273046469 2.0963375134901567 1
1764273083573 2.0312572067434136 2
1764273113440 1.9373320666226475 3
1764273122469 1.8458742553537542 4
1764273131508 1.750175573609092 5
1764273168566 1.7032551765441895 6
1764273177511 1.7121077342466875 7
1764273186405 1.636469299143011 8
1764273195436 1.570065054026517 9
1764273204397 1.5440948442979292 10
1764273238274 1.483846285126426 11
1764273247356 1.5213233449242332 12
1764273256288 1.4477288831364026 13
1764273265222 1.4447212327610364 14
1764273273938 1.4158966216174038 15
1764273283202 1.4047677300193093 16
1764273283217 1.5440948442979292 17
