1764297317729 22.844827586206897 0
1764297371897 36.49425287356322 1
1764297425847 41.235632183908045 2
1764297496763 44.54022988505747 3
1764297545920 49.56896551724138 4
1764297609337 52.729885057471265 5
1764297631699 56.752873563218394 6
1764297676283 57.18390804597701 7
1764297699237 58.04597701149425 8
1764297721185 63.36206896551724 9
1764297770685 65.80459770114942 10
1764297815102 62.35632183908046 11
1764297859232 69.25287356321839 12
1764297880929 67.95977011494253 13
1764297902628 67.38505747126437 14
1764297924392 71.55172413793103 15
1764297945656 72.41379310344827 16
1764298040125 73.99425287356321 17
1764298082875 72.41379310344827 18
1764298103059 76.00574712643679 19
1764298122904 72.27011494252874 20
1764298142628 75.0 21
1764298162749 75.43103448275862 22
1764298182382 76.72413793103448 23
1764298182394 73.99425287356321 24
