1764297317729 2.082127806815234 0
1764297371897 1.787119976498864 1
1764297425847 1.6052859588102861 2
1764297496763 1.455100032416257 3
1764297545920 1.2970533208413557 4
1764297609337 1.2290322848341682 5
1764297631699 1.1588462130589918 6
1764297676283 1.0995443070476705 7
1764297699237 1.0286367630416697 8
1764297721185 0.9539747082374312 9
1764297770685 0.9316760118712079 10
1764297815102 0.9307553456588225 11
1764297859232 0.8563534089110114 12
1764297880929 0.8595087982036851 13
1764297902628 0.8588080189444802 14
1764297924392 0.7864534164016898 15
1764297945656 0.7502985515377738 16
1764298040125 0.7183003283359788 17
1764298082875 0.7475182251496748 18
1764298103059 0.6720850518481298 19
1764298122904 0.7029633616859262 20
1764298142628 0.6756352897394787 21
1764298162749 0.6380289102142508 22
1764298182382 0.6188087077303366 23
1764298182394 0.7183003283359788 24
