1764269011883 2.219579973004081 0
1764269044638 2.2135672731833025 1
1764269054902 2.206634358926253 2
1764269086003 2.2013711116530676 3
1764269116962 2.1975789937106045 4
1764269146915 2.192951749671589 5
1764269179234 2.187466485933824 6
1764269210052 2.18397039716894 7
1764269239542 2.179686898534948 8
1764269269741 2.177197434685447 9
1764269278968 2.176153849471699 10
1764269309006 2.1725979989225213 11
1764269341926 2.168429038741372 12
1764269372788 2.1655929305336694 13
1764269382235 2.162865871732885 14
1764269418761 2.161320821805434 15
1764269453233 2.1582712747833948 16
1764269490043 2.1551467830484565 17
1764269499482 2.1550873030315745 18
1764269529092 2.1517483700405466 19
1764269538681 2.151322836225683 20
1764269568489 2.1481654427268286 21
1764269600948 2.1481551365418867 22
1764269630714 2.145769428123127 23
1764269661243 2.1432005871425974 24
1764269670603 2.1433979272842407 25
1764269679917 2.140841321511702 26
1764269710679 2.1388679526068946 27
1764269740254 2.136005314913663 28
1764269770627 2.1358105702833696 29
1764269800556 2.134212477640672 30
1764269810103 2.1330014033751055 31
1764269819564 2.13161639733748 32
1764269828997 2.1312862146984446 33
1764269859338 2.128087780692361 34
1764269892842 2.1269799416715447 35
1764269922984 2.1224275556477634 36
1764269932438 2.1241233348846436 37
1764269965726 2.1210514903068542 38
1764269975226 2.1223263252865183 39
1764269984935 2.119266325777227 40
1764269995389 2.1172151999040083 41
1764270004797 2.1160670573061164 42
1764270035184 2.11609408530322 43
1764270044628 2.1142118248072537 44
1764270053839 2.111196983944286 45
1764270063229 2.109604288231243 46
1764270072608 2.110271207310937 47
1764270082005 2.107691753994335 48
1764270082019 2.1160670573061164 49
