1764269011883 8.764367816091953 0
1764269044638 8.333333333333334 1
1764269054902 10.632183908045977 2
1764269086003 10.775862068965518 3
1764269116962 10.632183908045977 4
1764269146915 11.925287356321839 5
1764269179234 11.925287356321839 6
1764269210052 12.64367816091954 7
1764269239542 14.080459770114942 8
1764269269741 12.068965517241379 9
1764269278968 13.505747126436782 10
1764269309006 13.793103448275861 11
1764269341926 13.793103448275861 12
1764269372788 16.666666666666668 13
1764269382235 15.086206896551724 14
1764269418761 17.385057471264368 15
1764269453233 19.25287356321839 16
1764269490043 19.54022988505747 17
1764269499482 19.396551724137932 18
1764269529092 21.120689655172413 19
1764269538681 20.114942528735632 20
1764269568489 22.270114942528735 21
1764269600948 22.701149425287355 22
1764269630714 22.557471264367816 23
1764269661243 24.42528735632184 24
1764269670603 23.419540229885058 25
1764269679917 23.419540229885058 26
1764269710679 24.85632183908046 27
1764269740254 25.57471264367816 28
1764269770627 26.580459770114942 29
1764269800556 25.7183908045977 30
1764269810103 25.43103448275862 31
1764269819564 26.580459770114942 32
1764269828997 24.56896551724138 33
1764269859338 26.724137931034484 34
1764269892842 26.29310344827586 35
1764269922984 26.580459770114942 36
1764269932438 26.724137931034484 37
1764269965726 27.873563218390803 38
1764269975226 27.298850574712645 39
1764269984935 27.442528735632184 40
1764269995389 26.580459770114942 41
1764270004797 27.155172413793103 42
1764270035184 27.155172413793103 43
1764270044628 27.586206896551722 44
1764270053839 28.017241379310345 45
1764270063229 27.442528735632184 46
1764270072608 27.729885057471265 47
1764270082005 28.735632183908045 48
1764270082019 27.155172413793103 49
