1764272544845 2.1954048546877774 0
1764272581258 2.171933889389038 1
1764272616137 2.1559089097109707 2
1764272646408 2.1360376314683394 3
1764272678224 2.1130830591375176 4
1764272711971 2.0799345753409644 5
1764272721098 2.0450533520091665 6
1764272750567 2.0169524387879805 7
1764272759465 1.9570360617204146 8
1764272768278 1.9118679653514514 9
1764272780210 1.876727971163663 10
1764272789276 1.8222786404869773 11
1764272818920 1.792326038533991 12
1764272827908 1.7745307683944702 13
1764272837118 1.71675612709739 14
1764272845826 1.7136611613360317 15
1764272875493 1.6889752691442317 16
1764272905825 1.7070082426071167 17
1764272914809 1.6480596390637485 18
1764272923610 1.6418236710808494 19
1764272932657 1.5983570163900203 20
1764272962725 1.6297317851673474 21
1764272971626 1.538601192561063 22
1764272980605 1.570941372351213 23
1764272989534 1.4823905663056807 24
1764272998834 1.4416956576434048 25
1764273007804 1.486880129033869 26
1764273007818 1.5983570163900203 27
