1764272544845 12.931034482758621 0
1764272581258 13.793103448275861 1
1764272616137 17.24137931034483 2
1764272646408 19.82758620689655 3
1764272678224 25.7183908045977 4
1764272711971 27.298850574712645 5
1764272721098 28.017241379310345 6
1764272750567 30.028735632183906 7
1764272759465 33.9080459770115 8
1764272768278 32.18390804597701 9
1764272780210 34.05172413793103 10
1764272789276 35.632183908045974 11
1764272818920 34.91379310344828 12
1764272827908 33.189655172413794 13
1764272837118 37.21264367816092 14
1764272845826 36.63793103448276 15
1764272875493 34.770114942528735 16
1764272905825 35.632183908045974 17
1764272914809 39.08045977011494 18
1764272923610 35.775862068965516 19
1764272932657 38.64942528735632 20
1764272962725 38.9367816091954 21
1764272971626 42.09770114942529 22
1764272980605 38.36206896551724 23
1764272989534 43.53448275862069 24
1764272998834 46.12068965517241 25
1764273007804 44.10919540229885 26
1764273007818 38.64942528735632 27
