1764301514149 28.304597701149426 0
1764301552374 45.258620689655174 1
1764301588962 49.71264367816092 2
1764301625516 55.172413793103445 3
1764301662116 60.775862068965516 4
1764301698520 66.0919540229885 5
1764301734951 67.52873563218391 6
1764301754637 70.6896551724138 7
1764301791201 69.10919540229885 8
1764301810683 73.13218390804597 9
1764301830344 73.85057471264368 10
1764301850112 75.0 11
1764301869908 78.44827586206897 12
1764301906678 77.72988505747126 13
1764301926466 80.89080459770115 14
1764301946599 79.02298850574712 15
1764301967144 80.316091954023 16
1764301987439 86.0632183908046 17
1764302023953 84.33908045977012 18
1764302043878 85.77586206896552 19
1764302063785 85.63218390804597 20
1764302083441 87.93103448275862 21
1764302103176 87.21264367816092 22
1764302122789 87.21264367816092 23
1764302122801 86.0632183908046 24
