1764301514149 1.9497650211507624 0
1764301552374 1.577898464419625 1
1764301588962 1.3510570580309087 2
1764301625516 1.1976115093989805 3
1764301662116 1.0998844057321548 4
1764301698520 0.976506223732775 5
1764301734951 0.9028280885382132 6
1764301754637 0.8582919538021088 7
1764301791201 0.8151760846376419 8
1764301810683 0.7504015957767313 9
1764301830344 0.7206615907224742 10
1764301850112 0.7044372633099556 11
1764301869908 0.6613836620341648 12
1764301906678 0.6524902419610457 13
1764301926466 0.5998288840055466 14
1764301946599 0.6057133600115776 15
1764301967144 0.5331181795759634 16
1764301987439 0.49045517363331537 17
1764302023953 0.5153187039223585 18
1764302043878 0.4315136007287286 19
1764302063785 0.43903656625612214 20
1764302083441 0.38772589882666414 21
1764302103176 0.4209227738055316 22
1764302122789 0.4092351472513242 23
1764302122801 0.49045517363331537 24
