1764256241564 2.084605097770691 0
1764256275083 1.8825173703106968 1
1764256306067 1.7602182626724243 2
1764256336074 1.6299436742609197 3
1764256365845 1.5552840124477039 4
1764256395713 1.4740686850114302 5
1764256425217 1.4315674304962158 6
1764256454624 1.389847386967052 7
1764256483729 1.38633254441348 8
1764256512923 1.3796314217827537 9
1764256522265 1.302756905555725 10
1764256552022 1.304952935738997 11
1764256559730 1.2628938393159346 12
1764256589300 1.2926672913811423 13
1764256597020 1.2834887829693882 14
1764256625594 1.2505728764967485 15
1764256633248 1.2454243356531316 16
1764256640792 1.2248671488328413 17
1764256648484 1.167651187289845 18
1764256656148 1.1796614744446494 19
1764256665953 1.1414528218182651 20
1764256696623 1.1595195477659053 21
1764256704212 1.1029965118928389 22
1764256711647 1.1018795858729968 23
1764256719280 1.1055939956144853 24
1764256726781 1.0763387409123508 25
1764256734408 1.115347764708779 26
1764256734421 1.1414528218182651 27
