1764256241564 21.839080459770116 0
1764256275083 32.327586206896555 1
1764256306067 35.91954022988506 2
1764256336074 38.64942528735632 3
1764256365845 41.0919540229885 4
1764256395713 43.96551724137931 5
1764256425217 45.258620689655174 6
1764256454624 47.12643678160919 7
1764256483729 47.12643678160919 8
1764256512923 47.41379310344828 9
1764256522265 49.42528735632184 10
1764256552022 49.2816091954023 11
1764256559730 49.85632183908046 12
1764256589300 50.7183908045977 13
1764256597020 49.42528735632184 14
1764256625594 52.1551724137931 15
1764256633248 52.1551724137931 16
1764256640792 51.4367816091954 17
1764256648484 54.166666666666664 18
1764256656148 55.45977011494253 19
1764256665953 56.46551724137931 20
1764256696623 53.44827586206897 21
1764256704212 57.18390804597701 22
1764256711647 57.61494252873563 23
1764256719280 56.752873563218394 24
1764256726781 57.04022988505747 25
1764256734408 55.45977011494253 26
1764256734421 56.46551724137931 27
