1764265819157 17.95977011494253 0
1764265856836 32.90229885057471 1
1764265887485 35.48850574712644 2
1764265897983 39.224137931034484 3
1764265908289 39.51149425287356 4
1764265919022 42.38505747126437 5
1764265931145 43.96551724137931 6
1764265941745 45.54597701149425 7
1764265983573 43.247126436781606 8
1764265993797 41.666666666666664 9
1764266003913 45.258620689655174 10
1764266013951 48.5632183908046 11
1764266024228 47.41379310344828 12
1764266034310 51.58045977011494 13
1764266034322 45.54597701149425 14
