1764265819157 2.2679256119511346 0
1764265856836 1.8268083144317975 1
1764265887485 1.6535842310298572 2
1764265897983 1.5574614676562222 3
1764265908289 1.5047493685375561 4
1764265919022 1.3786255744370548 5
1764265931145 1.3969575722109189 6
1764265941745 1.3534452183680101 7
1764265983573 1.494503621350635 8
1764265993797 1.4918328333984723 9
1764266003913 1.3496582467447629 10
1764266013951 1.2945179532874713 11
1764266024228 1.2551430585709484 12
1764266034310 1.224493083628741 13
1764266034322 1.3534452183680101 14
