1764281113851 13.074712643678161 0
1764281155417 21.264367816091955 1
1764281189653 31.17816091954023 2
1764281221828 34.91379310344828 3
1764281232477 33.189655172413794 4
1764281242856 36.49425287356322 5
1764281274538 36.63793103448276 6
1764281308852 37.64367816091954 7
1764281339287 40.37356321839081 8
1764281347909 41.0919540229885 9
1764281356868 43.39080459770115 10
1764281393765 46.4080459770115 11
1764281431902 45.54597701149425 12
1764281441212 48.41954022988506 13
1764281450133 51.14942528735632 14
1764281459675 52.298850574712645 15
1764281470448 50.7183908045977 16
1764281482218 50.7183908045977 17
1764281519025 52.01149425287356 18
1764281531110 53.735632183908045 19
1764281563551 53.01724137931034 20
1764281599943 51.724137931034484 21
1764281610344 55.31609195402299 22
1764281622343 55.31609195402299 23
1764281654507 58.04597701149425 24
1764281665180 56.752873563218394 25
1764281698002 58.47701149425287 26
1764281733095 57.18390804597701 27
1764281743635 57.18390804597701 28
1764281754655 60.632183908045974 29
1764281766870 57.47126436781609 30
1764281778074 58.62068965517241 31
1764281812486 59.91379310344828 32
1764281821901 62.78735632183908 33
1764281856265 61.0632183908046 34
1764281890723 60.91954022988506 35
1764281902319 63.64942528735632 36
1764281937043 62.78735632183908 37
1764281948048 63.793103448275865 38
1764281958756 64.08045977011494 39
1764281969724 65.3735632183908 40
1764281980769 64.65517241379311 41
1764281992325 63.9367816091954 42
1764281992345 63.64942528735632 43
