1764281113851 2.178529461224874 0
1764281155417 2.1405574480692544 1
1764281189653 2.1051273743311563 2
1764281221828 2.0704210996627808 3
1764281232477 2.0213061968485513 4
1764281242856 1.971274475256602 5
1764281274538 1.9332466920216878 6
1764281308852 1.8829176028569539 7
1764281339287 1.8162591656049092 8
1764281347909 1.769428054491679 9
1764281356868 1.7450477480888367 10
1764281393765 1.698996106783549 11
1764281431902 1.6651310920715332 12
1764281441212 1.6366750200589497 13
1764281450133 1.5484088857968648 14
1764281459675 1.5492877562840779 15
1764281470448 1.5025665760040283 16
1764281482218 1.4715731541315715 17
1764281519025 1.4232217073440552 18
1764281531110 1.39310622215271 19
1764281563551 1.363257884979248 20
1764281599943 1.3573947548866272 21
1764281610344 1.3128657738367717 22
1764281622343 1.2842358549435933 23
1764281654507 1.2737905184427898 24
1764281665180 1.260154128074646 25
1764281698002 1.2467046578725178 26
1764281733095 1.2041351000467937 27
1764281743635 1.1928668022155762 28
1764281754655 1.1642602284749348 29
1764281766870 1.1590820749600728 30
1764281778074 1.1450648307800293 31
1764281812486 1.110264668862025 32
1764281821901 1.0880393584569295 33
1764281856265 1.1205728550752003 34
1764281890723 1.099466194709142 35
1764281902319 1.075748125712077 36
1764281937043 1.0722063879172008 37
1764281948048 1.0489757855733235 38
1764281958756 1.0372884571552277 39
1764281969724 1.023133913675944 40
1764281980769 1.0301402707894642 41
1764281992325 1.0076974034309387 42
1764281992345 1.075748125712077 43
