1764295170505 2.197326382001241 0
1764295204957 2.1913522481918335 1
1764295240996 2.187253713607788 2
1764295275178 2.18149995803833 3
1764295308549 2.175589839617411 4
1764295342306 2.170043389002482 5
1764295375294 2.16365917523702 6
1764295388242 2.1594603061676025 7
1764295421438 2.152423143386841 8
1764295433881 2.149572173754374 9
1764295446140 2.1456087827682495 10
1764295459026 2.1426018873850503 11
1764295472279 2.135075807571411 12
1764295485166 2.127143462498983 13
1764295518229 2.1254209677378335 14
1764295553529 2.1154611508051553 15
1764295587148 2.112827261288961 16
1764295621355 2.1097447872161865 17
1764295660072 2.098832845687866 18
1764295747993 2.0942123333613076 19
1764295782181 2.0917548338572183 20
1764295793692 2.0857874949773154 21
1764295824315 2.082928935686747 22
1764295836449 2.072183609008789 23
1764295877883 2.0654404163360596 24
1764295896177 2.0645548899968467 25
1764295913843 2.0543495416641235 26
1764295961158 2.043181320031484 27
1764295975829 2.0462236801783242 28
1764296015348 2.036771217981974 29
1764296055840 2.0311909715334573 30
1764296070910 2.020812193552653 31
1764296086644 2.0126370588938394 32
1764296102498 2.008228063583374 33
1764296117831 1.9946939945220947 34
1764296134417 1.9886080821355183 35
1764296178570 1.977705756823222 36
1764296194248 1.9708927075068157 37
1764296211331 1.9615715344746907 38
1764296227746 1.962894896666209 39
1764296243494 1.957973301410675 40
1764296259040 1.9361349940299988 41
1764296300813 1.9374916553497314 42
1764296317627 1.9267356793085735 43
1764296333687 1.9148982167243958 44
1764296350235 1.8978950182596843 45
1764296368126 1.9109656413396199 46
1764296386268 1.8765750924746196 47
1764296386289 1.9361349940299988 48
