1764295170505 10.201149425287356 0
1764295204957 12.78735632183908 1
1764295240996 14.655172413793103 2
1764295275178 13.218390804597702 3
1764295308549 17.24137931034483 4
1764295342306 17.24137931034483 5
1764295375294 21.695402298850574 6
1764295388242 20.689655172413794 7
1764295421438 23.70689655172414 8
1764295433881 25.14367816091954 9
1764295446140 25.57471264367816 10
1764295459026 25.7183908045977 11
1764295472279 26.149425287356323 12
1764295485166 28.160919540229884 13
1764295518229 30.45977011494253 14
1764295553529 30.316091954022987 15
1764295587148 30.45977011494253 16
1764295621355 32.18390804597701 17
1764295660072 33.189655172413794 18
1764295747993 32.758620689655174 19
1764295782181 31.75287356321839 20
1764295793692 32.90229885057471 21
1764295824315 35.48850574712644 22
1764295836449 32.61494252873563 23
1764295877883 35.775862068965516 24
1764295896177 35.48850574712644 25
1764295913843 37.78735632183908 26
1764295961158 35.632183908045974 27
1764295975829 37.93103448275862 28
1764296015348 37.5 29
1764296055840 37.78735632183908 30
1764296070910 39.367816091954026 31
1764296086644 39.6551724137931 32
1764296102498 40.08620689655172 33
1764296117831 39.6551724137931 34
1764296134417 37.93103448275862 35
1764296178570 40.94827586206897 36
1764296194248 39.51149425287356 37
1764296211331 40.37356321839081 38
1764296227746 40.804597701149426 39
1764296243494 40.51724137931034 40
1764296259040 41.666666666666664 41
1764296300813 40.51724137931034 42
1764296317627 41.52298850574713 43
1764296333687 41.666666666666664 44
1764296350235 41.810344827586206 45
1764296368126 40.660919540229884 46
1764296386268 42.38505747126437 47
1764296386289 41.666666666666664 48
