1764278126062 2.194156010945638 0
1764278154870 2.1879423459370932 1
1764278164221 2.1834049224853516 2
1764278193177 2.176521897315979 3
1764278222792 2.1701935529708862 4
1764278251809 2.167994499206543 5
1764278280277 2.160556674003601 6
1764278310012 2.1538551648457847 7
1764278319151 2.149426539738973 8
1764278348017 2.1399842898050943 9
1764278359759 2.1303362051645913 10
1764278370357 2.129593849182129 11
1764278405685 2.124732812245687 12
1764278433870 2.108976443608602 13
1764278461282 2.0991031328837075 14
1764278489810 2.0898533264795938 15
1764278518266 2.071484923362732 16
1764278527497 2.0510066151618958 17
1764278536571 2.0441531936327615 18
1764278546184 2.029399355252584 19
1764278555306 2.0080333153406777 20
1764278564637 1.9967410564422607 21
1764278564651 2.0898533264795938 22
