1764278126062 11.350574712643677 0
1764278154870 13.218390804597702 1
1764278164221 15.517241379310345 2
1764278193177 19.54022988505747 3
1764278222792 23.99425287356322 4
1764278251809 24.137931034482758 5
1764278280277 27.011494252873565 6
1764278310012 26.724137931034484 7
1764278319151 29.166666666666668 8
1764278348017 31.75287356321839 9
1764278359759 30.17241379310345 10
1764278370357 30.45977011494253 11
1764278405685 30.74712643678161 12
1764278433870 34.62643678160919 13
1764278461282 33.47701149425287 14
1764278489810 35.632183908045974 15
1764278518266 35.775862068965516 16
1764278527497 37.35632183908046 17
1764278536571 35.632183908045974 18
1764278546184 37.78735632183908 19
1764278555306 38.2183908045977 20
1764278564637 34.770114942528735 21
1764278564651 35.632183908045974 22
