1764306306006 2.2033601240678267 0
1764306341231 2.202512437647039 1
1764306376004 2.1977580243890937 2
1764306411515 2.1966741518540815 3
1764306429430 2.1938071901148017 4
1764306447312 2.1899254322052 5
1764306465156 2.186495065689087 6
1764306500189 2.1862401962280273 7
1764306542997 2.1819981228221548 8
1764306578182 2.1770005226135254 9
1764306596215 2.175510970028964 10
1764306614197 2.175838210365989 11
1764306632325 2.1728528412905606 12
1764306667315 2.1698351339860396 13
1764306704221 2.165442380038175 14
1764306739308 2.1628464568745005 15
1764306773988 2.161749688061801 16
1764306809063 2.165285977450284 17
1764306843986 2.15859714421359 18
1764306878937 2.158210429278287 19
1764306897166 2.1512782356955786 20
1764306915019 2.1551277854225854 21
1764306950630 2.1501827890222724 22
1764306985683 2.147564649581909 23
1764307003769 2.14399790763855 24
1764307021932 2.1432547569274902 25
1764307040108 2.1404458609494297 26
1764307075126 2.138103116642345 27
1764307111231 2.141825654289939 28
1764307129636 2.1361580111763696 29
1764307148220 2.1272072358564897 30
1764307166663 2.1343831799247046 31
1764307185283 2.129084348678589 32
1764307204111 2.126575621691617 33
1764307239637 2.122276631268588 34
1764307275058 2.1210940100929956 35
1764307310537 2.11926869912581 36
1764307346351 2.110620758750222 37
1764307381834 2.1118894707072866 38
1764307400019 2.1124360344626685 39
1764307435675 2.1084334633567114 40
1764307470808 2.1049613519148394 41
1764307505590 2.1085692319003018 42
1764307540520 2.105535723946311 43
1764307575206 2.0994120727885854 44
1764307593875 2.095449122515592 45
1764307612026 2.0922545302997935 46
1764307630193 2.0933402451601895 47
1764307665301 2.091509472240101 48
1764307683508 2.0834439234300093 49
1764307701604 2.084910674528642 50
1764307720170 2.095259276303378 51
1764307738412 2.087670391256159 52
1764307756650 2.088958198373968 53
1764307756661 2.0933402451601895 54
