1764306306006 14.080459770114942 0
1764306341231 15.086206896551724 1
1764306376004 13.936781609195402 2
1764306411515 14.942528735632184 3
1764306429430 16.522988505747126 4
1764306447312 16.379310344827587 5
1764306465156 16.95402298850575 6
1764306500189 16.379310344827587 7
1764306542997 19.25287356321839 8
1764306578182 19.10919540229885 9
1764306596215 20.977011494252874 10
1764306614197 20.402298850574713 11
1764306632325 22.844827586206897 12
1764306667315 21.839080459770116 13
1764306704221 22.126436781609197 14
1764306739308 26.149425287356323 15
1764306773988 25.43103448275862 16
1764306809063 24.71264367816092 17
1764306843986 26.436781609195403 18
1764306878937 25.28735632183908 19
1764306897166 28.017241379310345 20
1764306915019 28.735632183908045 21
1764306950630 29.885057471264368 22
1764306985683 28.879310344827587 23
1764307003769 28.735632183908045 24
1764307021932 29.74137931034483 25
1764307040108 29.885057471264368 26
1764307075126 30.17241379310345 27
1764307111231 30.028735632183906 28
1764307129636 30.74712643678161 29
1764307148220 31.17816091954023 30
1764307166663 30.74712643678161 31
1764307185283 30.316091954022987 32
1764307204111 30.316091954022987 33
1764307239637 31.75287356321839 34
1764307275058 31.60919540229885 35
1764307310537 32.04022988505747 36
1764307346351 33.04597701149425 37
1764307381834 33.62068965517241 38
1764307400019 32.61494252873563 39
1764307435675 31.896551724137932 40
1764307470808 32.758620689655174 41
1764307505590 32.90229885057471 42
1764307540520 34.62643678160919 43
1764307575206 31.60919540229885 44
1764307593875 31.75287356321839 45
1764307612026 32.90229885057471 46
1764307630193 35.48850574712644 47
1764307665301 33.333333333333336 48
1764307683508 35.3448275862069 49
1764307701604 31.75287356321839 50
1764307720170 33.04597701149425 51
1764307738412 33.62068965517241 52
1764307756650 33.764367816091955 53
1764307756661 35.48850574712644 54
