1764278575148 14.224137931034482 0
1764278613519 18.24712643678161 1
1764278642317 21.264367816091955 2
1764278670166 23.132183908045977 3
1764278679254 24.2816091954023 4
1764278690841 26.867816091954023 5
1764278724738 27.729885057471265 6
1764278765272 28.735632183908045 7
1764278775717 29.885057471264368 8
1764278808734 33.9080459770115 9
1764278819974 33.333333333333336 10
1764278850049 34.62643678160919 11
1764278860186 33.62068965517241 12
1764278896209 36.49425287356322 13
1764278905657 36.0632183908046 14
1764278915424 38.793103448275865 15
1764278924706 37.21264367816092 16
1764278934865 35.632183908045974 17
1764278963888 40.51724137931034 18
1764278973090 39.798850574712645 19
1764279005494 37.64367816091954 20
1764279014932 37.78735632183908 21
1764279024799 39.367816091954026 22
1764279053453 40.660919540229884 23
1764279086105 44.39655172413793 24
1764279097483 39.08045977011494 25
1764279108390 39.224137931034484 26
1764279149603 46.695402298850574 27
1764279159977 42.52873563218391 28
1764279170079 43.53448275862069 29
1764279180229 42.81609195402299 30
1764279191211 45.11494252873563 31
1764279226370 45.689655172413794 32
1764279236387 44.827586206896555 33
1764279246922 45.258620689655174 34
1764279259015 43.10344827586207 35
1764279270159 47.98850574712644 36
1764279280079 48.5632183908046 37
1764279280096 45.11494252873563 38
