1764278575148 2.2005310455958047 0
1764278613519 2.178167144457499 1
1764278642317 2.1603041092554727 2
1764278670166 2.139281471570333 3
1764278679254 2.1264346837997437 4
1764278690841 2.101839780807495 5
1764278724738 2.082911809285482 6
1764278765272 2.061706821123759 7
1764278775717 2.033764104048411 8
1764278808734 2.0086757938067117 9
1764278819974 1.9719319343566895 10
1764278850049 1.9527307550112407 11
1764278860186 1.9141322374343872 12
1764278896209 1.8764930963516235 13
1764278905657 1.8641209602355957 14
1764278915424 1.7970290780067444 15
1764278924706 1.7717210054397583 16
1764278934865 1.7460155487060547 17
1764278963888 1.7160794734954834 18
1764278973090 1.6921425660451253 19
1764279005494 1.6883206367492676 20
1764279014932 1.6687750617663066 21
1764279024799 1.6058541138966878 22
1764279053453 1.5687158902486165 23
1764279086105 1.5539995034535725 24
1764279097483 1.6090634663899739 25
1764279108390 1.624524474143982 26
1764279149603 1.5183915495872498 27
1764279159977 1.5379041035970051 28
1764279170079 1.5655985673268635 29
1764279180229 1.4853012561798096 30
1764279191211 1.4221627513567607 31
1764279226370 1.4139380653699238 32
1764279236387 1.4928728342056274 33
1764279246922 1.4691450595855713 34
1764279259015 1.5218009948730469 35
1764279270159 1.400183419386546 36
1764279280079 1.3757699529329936 37
1764279280096 1.4221627513567607 38
