1764248582370 2.1254316568374634 0
1764248609255 1.6847443038767034 1
1764248635967 1.524138630791144 2
1764248643044 1.419233043085445 3
1764248672936 1.380174295468764 4
1764248680296 1.3611708716912703 5
1764248706279 1.3054865544492549 6
1764248713266 1.2745533409443768 7
1764248743407 1.2798782410946759 8
1764248750810 1.2090956690636547 9
1764248759649 1.2191055742177097 10
1764248785333 1.1876735484058207 11
1764248811190 1.171928883953528 12
1764248818628 1.1540233506397768 13
1764248826398 1.1802514114163138 14
1764248833534 1.089349471709945 15
1764248840512 1.1210479763421146 16
1764248847867 1.1013171266425739 17
