1764248582370 27.011494252873565 0
1764248609255 36.35057471264368 1
1764248635967 40.229885057471265 2
1764248643044 41.810344827586206 3
1764248672936 43.39080459770115 4
1764248680296 46.695402298850574 5
1764248706279 46.12068965517241 6
1764248713266 47.8448275862069 7
1764248743407 47.701149425287355 8
1764248750810 51.724137931034484 9
1764248759649 51.4367816091954 10
1764248785333 52.87356321839081 11
1764248811190 52.1551724137931 12
1764248818628 53.44827586206897 13
1764248826398 52.729885057471265 14
1764248833534 57.758620689655174 15
1764248840512 54.741379310344826 16
1764248847867 56.89655172413793 17
