1764294011588 2.180984854698181 0
1764294047308 2.1342921257019043 1
1764294082361 2.101158062616984 2
1764294117723 2.0500289599100747 3
1764294152683 2.0045625964800515 4
1764294194897 1.938479244709015 5
1764294208448 1.8728029529253643 6
1764294221752 1.8103882471720378 7
1764294236470 1.7555356820424397 8
1764294250955 1.6950172185897827 9
1764294263386 1.6023626327514648 10
1764294297198 1.5815516114234924 11
1764294310188 1.5187952319780986 12
1764294343866 1.4787372946739197 13
1764294356587 1.461783528327942 14
1764294368689 1.5430206060409546 15
1764294381559 1.4097479383150737 16
1764294415300 1.3628814816474915 17
1764294448432 1.326514740784963 18
1764294462217 1.3247807025909424 19
1764294474844 1.3550023237864177 20
1764294487196 1.2625625133514404 21
1764294499930 1.2467894752820332 22
1764294533709 1.26894478003184 23
1764294546203 1.2029242912928264 24
1764294558426 1.1140212913354237 25
1764294571012 1.1319238543510437 26
1764294583491 1.352400799592336 27
1764294595926 1.0966647068659465 28
1764294595943 1.2467894752820332 29
