1764294011588 15.373563218390805 0
1764294047308 28.735632183908045 1
1764294082361 33.04597701149425 2
1764294117723 34.48275862068966 3
1764294152683 35.775862068965516 4
1764294194897 38.9367816091954 5
1764294208448 40.660919540229884 6
1764294221752 39.94252873563219 7
1764294236470 41.810344827586206 8
1764294250955 40.94827586206897 9
1764294263386 44.39655172413793 10
1764294297198 41.666666666666664 11
1764294310188 44.252873563218394 12
1764294343866 47.98850574712644 13
1764294356587 48.132183908045974 14
1764294368689 40.229885057471265 15
1764294381559 47.98850574712644 16
1764294415300 49.13793103448276 17
1764294448432 49.42528735632184 18
1764294462217 48.132183908045974 19
1764294474844 48.706896551724135 20
1764294487196 52.01149425287356 21
1764294499930 53.01724137931034 22
1764294533709 51.4367816091954 23
1764294546203 56.32183908045977 24
1764294558426 58.333333333333336 25
1764294571012 59.05172413793103 26
1764294583491 47.12643678160919 27
1764294595926 59.195402298850574 28
1764294595943 53.01724137931034 29
