1764291907174 10.919540229885058 0
1764291941405 11.063218390804598 1
1764291953565 12.21264367816092 2
1764291965936 12.78735632183908 3
1764291978048 11.494252873563218 4
1764291990465 11.350574712643677 5
1764292024737 12.35632183908046 6
1764292037195 11.925287356321839 7
1764292049356 11.925287356321839 8
1764292083558 13.218390804597702 9
1764292096144 13.074712643678161 10
1764292129568 12.5 11
1764292164747 13.505747126436782 12
1764292198471 13.649425287356323 13
1764292237158 13.362068965517242 14
1764292249494 14.798850574712644 15
1764292261658 13.505747126436782 16
1764292293037 15.660919540229886 17
1764292305418 14.655172413793103 18
1764292318060 16.522988505747126 19
1764292330482 15.660919540229886 20
1764292343065 16.091954022988507 21
1764292356043 16.666666666666668 22
1764292356061 13.505747126436782 23
