1764291907174 2.2004549503326416 0
1764291941405 2.2005395022305576 1
1764291953565 2.1987005797299473 2
1764291965936 2.1978940096768467 3
1764291978048 2.198572353883223 4
1764291990465 2.197886445305564 5
1764292024737 2.1972328316081655 6
1764292037195 2.1962637901306152 7
1764292049356 2.1959355744448574 8
1764292083558 2.195136937228116 9
1764292096144 2.1952101534063164 10
1764292129568 2.193625038320368 11
1764292164747 2.1939337903803047 12
1764292198471 2.1942138455130835 13
1764292237158 2.1931381225585938 14
1764292249494 2.1923597292466597 15
1764292261658 2.1918456771157007 16
1764292293037 2.1914287263696846 17
1764292305418 2.1919241818514736 18
1764292318060 2.190833720293912 19
1764292330482 2.1902628378434614 20
1764292343065 2.1907585750926626 21
1764292356043 2.189045624299483 22
1764292356061 2.1918456771157007 23
