1764254895621 24.42528735632184 0
1764254921749 35.775862068965516 1
1764254951566 42.81609195402299 2
1764254959535 42.38505747126437 3
1764254987576 43.39080459770115 4
1764254995196 46.695402298850574 5
1764255002789 48.5632183908046 6
1764255010523 47.701149425287355 7
1764255019274 53.5919540229885 8
1764255049063 49.56896551724138 9
1764255079633 51.293103448275865 10
1764255087252 52.729885057471265 11
1764255095033 51.867816091954026 12
1764255103377 54.310344827586206 13
1764255110996 55.172413793103445 14
1764255146581 56.752873563218394 15
1764255175816 56.60919540229885 16
1764255183335 55.02873563218391 17
1764255190708 57.04022988505747 18
1764255198124 53.44827586206897 19
1764255207559 57.90229885057471 20
1764255215154 56.32183908045977 21
1764255215168 56.752873563218394 22
