1764254895621 2.2223759401928294 0
1764254921749 1.7318022698163986 1
1764254951566 1.5422405993396586 2
1764254959535 1.4481294466690584 3
1764254987576 1.440285480835221 4
1764254995196 1.3529800420457667 5
1764255002789 1.316063417629762 6
1764255010523 1.2535380246964367 7
1764255019274 1.2175270197066395 8
1764255049063 1.2429058917544105 9
1764255079633 1.229730942032554 10
1764255087252 1.1991352113810452 11
1764255095033 1.19887945597822 12
1764255103377 1.1432220244949514 13
1764255110996 1.1157897128300234 14
1764255146581 1.0663094087080522 15
1764255175816 1.0895133194598285 16
1764255183335 1.1061027185483412 17
1764255190708 1.0674907510930842 18
1764255198124 1.1181206770918586 19
1764255207559 1.066057871688496 20
1764255215154 1.140412006865848 21
1764255215168 1.0663094087080522 22
