1764277629004 10.775862068965518 0
1764277658575 15.086206896551724 1
1764277688533 18.103448275862068 2
1764277698652 17.67241379310345 3
1764277728823 19.25287356321839 4
1764277759246 18.24712643678161 5
1764277788381 21.695402298850574 6
1764277818941 25.0 7
1764277848207 25.43103448275862 8
1764277876835 25.28735632183908 9
1764277905732 29.597701149425287 10
1764277935757 34.339080459770116 11
1764277945649 34.339080459770116 12
1764277955830 35.632183908045974 13
1764277985823 35.201149425287355 14
1764278015935 38.793103448275865 15
1764278025820 36.63793103448276 16
1764278035765 40.08620689655172 17
1764278065918 37.5 18
1764278075932 41.0919540229885 19
1764278085831 37.21264367816092 20
1764278096118 35.775862068965516 21
1764278106232 40.08620689655172 22
1764278116181 37.5 23
1764278116202 40.08620689655172 24
