1764277629004 2.1918900410334268 0
1764277658575 2.182123303413391 1
1764277688533 2.172529180844625 2
1764277698652 2.1618078152338662 3
1764277728823 2.156161904335022 4
1764277759246 2.1535508235295615 5
1764277788381 2.137789328893026 6
1764277818941 2.1273608605066934 7
1764277848207 2.1211886405944824 8
1764277876835 2.1067786614100137 9
1764277905732 2.09665854771932 10
1764277935757 2.078666925430298 11
1764277945649 2.0610573291778564 12
1764277955830 2.0496525367101035 13
1764277985823 2.0200053056081138 14
1764278015935 2.0078235268592834 15
1764278025820 1.9745463132858276 16
1764278035765 1.9522170821825664 17
1764278065918 1.9183249076207478 18
1764278075932 1.896698276201884 19
1764278085831 1.868813117345174 20
1764278096118 1.8340346217155457 21
1764278106232 1.8072778185208638 22
1764278116181 1.7884542346000671 23
1764278116202 1.9522170821825664 24
