1764260638825 22.270114942528735 0
1764260682175 33.62068965517241 1
1764260717079 36.206896551724135 2
1764260726896 40.804597701149426 3
1764260736279 40.08620689655172 4
1764260769903 41.95402298850575 5
1764260803777 47.270114942528735 6
1764260836549 45.11494252873563 7
1764260846058 46.55172413793103 8
1764260878054 48.85057471264368 9
1764260914279 52.1551724137931 10
1764260923277 50.43103448275862 11
1764260932371 50.7183908045977 12
1764260941625 51.4367816091954 13
1764260951095 51.14942528735632 14
1764260984931 53.160919540229884 15
1764260993726 54.166666666666664 16
1764261002450 53.160919540229884 17
1764261034928 55.747126436781606 18
1764261043837 53.44827586206897 19
1764261054652 54.166666666666664 20
1764261063244 58.9080459770115 21
1764261071519 55.02873563218391 22
1764261105410 57.327586206896555 23
1764261142728 57.758620689655174 24
1764261151169 56.89655172413793 25
1764261182014 59.195402298850574 26
1764261190575 57.04022988505747 27
1764261198899 61.0632183908046 28
1764261207346 60.3448275862069 29
1764261217935 62.06896551724138 30
1764261226702 61.49425287356322 31
1764261226715 56.89655172413793 32
