1764260638825 2.076321385123513 0
1764260682175 1.8492537520148538 1
1764260717079 1.764623761177063 2
1764260726896 1.597203092141585 3
1764260736279 1.5732472809878262 4
1764260769903 1.4779717380350286 5
1764260803777 1.384521484375 6
1764260836549 1.4062704173001377 7
1764260846058 1.3536029837348245 8
1764260878054 1.316521861336448 9
1764260914279 1.2578296227888628 10
1764260923277 1.2299157922918147 11
1764260932371 1.2824696952646428 12
1764260941625 1.224767641587691 13
1764260951095 1.2120743989944458 14
1764260984931 1.1906123594804243 15
1764260993726 1.1254870674826882 16
1764261002450 1.1746393008665605 17
1764261034928 1.185879263010892 18
1764261043837 1.1797387654131108 19
1764261054652 1.1217857057398015 20
1764261063244 1.065084701234644 21
1764261071519 1.1381951353766702 22
1764261105410 1.0813192074949092 23
1764261142728 1.1061641790650107 24
1764261151169 1.0968416116454385 25
1764261182014 1.0633325089107861 26
1764261190575 1.0578694126822732 27
1764261198899 1.0266192826357754 28
1764261207346 0.9871143373576078 29
1764261217935 0.984385224905881 30
1764261226702 0.929308604110371 31
1764261226715 1.0968416116454385 32
