1764273523179 23.850574712643677 0
1764273556733 38.64942528735632 1
1764273590891 46.98275862068966 2
1764273620193 49.2816091954023 3
1764273650145 54.88505747126437 4
1764273658644 59.62643678160919 5
1764273689489 60.775862068965516 6
1764273719807 62.78735632183908 7
1764273750628 64.65517241379311 8
1764273780316 67.816091954023 9
1764273789291 71.69540229885058 10
1764273822854 70.11494252873563 11
1764273831716 72.27011494252874 12
1764273841072 76.72413793103448 13
1764273850572 77.8735632183908 14
1764273860322 79.3103448275862 15
1764273894693 79.74137931034483 16
1764273903613 76.4367816091954 17
1764273912877 78.30459770114942 18
1764273926576 81.89655172413794 19
1764273973049 85.20114942528735 20
1764273984067 84.48275862068965 21
1764274023842 84.77011494252874 22
1764274056711 83.04597701149426 23
1764274066379 83.47701149425288 24
1764274075828 85.05747126436782 25
1764274085380 86.20689655172414 26
1764274094844 87.78735632183908 27
1764274104966 90.66091954022988 28
1764274104982 84.77011494252874 29
