1764273523179 2.0755886381322686 0
1764273556733 1.7222770235755227 1
1764273590891 1.460280093279752 2
1764273620193 1.3229306502775713 3
1764273650145 1.2201120094819502 4
1764273658644 1.064943860877644 5
1764273689489 1.0016465403816917 6
1764273719807 0.9924435615539551 7
1764273750628 0.9243421662937511 8
1764273780316 0.8375914638692682 9
1764273789291 0.7599718028848822 10
1764273822854 0.7787697911262512 11
1764273831716 0.7490423619747162 12
1764273841072 0.6690789406949823 13
1764273850572 0.6437133171341636 14
1764273860322 0.6093683974309401 15
1764273894693 0.5788434662602164 16
1764273903613 0.6400488317012787 17
1764273912877 0.5916404209353707 18
1764273926576 0.5318621613762595 19
1764273973049 0.49057962135835126 20
1764273984067 0.47160789370536804 21
1764274023842 0.4600061530416662 22
1764274056711 0.46343174847689544 23
1764274066379 0.4585656225681305 24
1764274075828 0.4556878561323339 25
1764274085380 0.4008430405096574 26
1764274094844 0.36179715394973755 27
1764274104966 0.3353968181393363 28
1764274104982 0.4600061530416662 29
