1764279864268 2.197998881340027 0
1764279892946 2.1953662236531577 1
1764279902282 2.1946621338526406 2
1764279935534 2.191929499308268 3
1764279970295 2.1905558506647744 4
1764280002521 2.189441164334615 5
1764280011738 2.189766804377238 6
1764280020973 2.187924345334371 7
1764280052454 2.1871327559153237 8
1764280082669 2.1844804286956787 9
1764280092192 2.1841981410980225 10
1764280122631 2.1831926107406616 11
1764280153243 2.181540528933207 12
1764280162885 2.180052399635315 13
1764280196038 2.17911430199941 14
1764280205571 2.17661186059316 15
1764280216178 2.177096128463745 16
1764280225845 2.176634907722473 17
1764280256435 2.1770713726679483 18
1764280266626 2.176682154337565 19
1764280276778 2.1738982995351157 20
1764280286399 2.1735355854034424 21
1764280295900 2.1730897426605225 22
1764280305442 2.1733095248540244 23
1764280335327 2.1681074698766074 24
1764280344492 2.1656264464060464 25
1764280376484 2.1671300729115806 26
1764280408008 2.1665809551874795 27
1764280417415 2.166832526524862 28
1764280426304 2.1626874208450317 29
1764280456312 2.163028279940287 30
1764280465530 2.160587191581726 31
1764280474474 2.1641892989476523 32
1764280503947 2.161390701929728 33
1764280534037 2.1560842990875244 34
1764280543112 2.159409681955973 35
1764280552024 2.157198508580526 36
1764280561006 2.155451933542887 37
1764280591419 2.155826131502787 38
1764280600367 2.1537193059921265 39
1764280609324 2.155439297358195 40
1764280618323 2.1529292662938437 41
1764280648752 2.1544446547826133 42
1764280657602 2.1533618768056235 43
1764280687271 2.1480987469355264 44
1764280717801 2.145817836125692 45
1764280726816 2.147929072380066 46
1764280757842 2.1447261969248452 47
1764280795917 2.1455907026926675 48
1764280842242 2.1429351965586343 49
1764280853325 2.1380664507548013 50
1764280865282 2.141723314921061 51
1764280877163 2.1388789812723794 52
1764280887598 2.138529658317566 53
1764280898169 2.1374324560165405 54
1764280898183 2.1455907026926675 55
