1764279864268 11.063218390804598 0
1764279892946 10.201149425287356 1
1764279902282 10.057471264367816 2
1764279935534 11.063218390804598 3
1764279970295 10.632183908045977 4
1764280002521 10.488505747126437 5
1764280011738 11.781609195402298 6
1764280020973 11.350574712643677 7
1764280052454 11.206896551724139 8
1764280082669 11.925287356321839 9
1764280092192 12.78735632183908 10
1764280122631 12.35632183908046 11
1764280153243 12.931034482758621 12
1764280162885 14.655172413793103 13
1764280196038 13.218390804597702 14
1764280205571 16.091954022988507 15
1764280216178 15.086206896551724 16
1764280225845 15.660919540229886 17
1764280256435 15.804597701149426 18
1764280266626 18.24712643678161 19
1764280276778 18.24712643678161 20
1764280286399 17.95977011494253 21
1764280295900 17.95977011494253 22
1764280305442 18.67816091954023 23
1764280335327 19.683908045977013 24
1764280344492 19.396551724137932 25
1764280376484 17.816091954022987 26
1764280408008 19.25287356321839 27
1764280417415 20.54597701149425 28
1764280426304 19.82758620689655 29
1764280456312 20.977011494252874 30
1764280465530 20.114942528735632 31
1764280474474 20.25862068965517 32
1764280503947 19.971264367816094 33
1764280534037 20.689655172413794 34
1764280543112 20.833333333333332 35
1764280552024 21.264367816091955 36
1764280561006 22.126436781609197 37
1764280591419 21.695402298850574 38
1764280600367 21.695402298850574 39
1764280609324 21.551724137931036 40
1764280618323 22.988505747126435 41
1764280648752 23.419540229885058 42
1764280657602 23.419540229885058 43
1764280687271 23.563218390804597 44
1764280717801 23.132183908045977 45
1764280726816 22.701149425287355 46
1764280757842 23.132183908045977 47
1764280795917 23.99425287356322 48
1764280842242 23.275862068965516 49
1764280853325 25.14367816091954 50
1764280865282 24.2816091954023 51
1764280877163 23.99425287356322 52
1764280887598 24.56896551724138 53
1764280898169 25.14367816091954 54
1764280898183 23.99425287356322 55
