1764288928208 2.192185315218839 0
1764288961726 2.1763684316114946 1
1764288991418 2.1580836556174536 2
1764289022361 2.137648820877075 3
1764289055538 2.1047148271040483 4
1764289066481 2.0701184272766113 5
1764289077439 2.023150075565685 6
1764289088032 1.970585508780046 7
1764289120215 1.9125070138411089 8
1764289183138 1.846086480400779 9
1764289195254 1.780009930784052 10
1764289206354 1.719292012127963 11
1764289217697 1.657511678608981 12
1764289229625 1.6179926937276667 13
1764289241840 1.5990952361713757 14
1764289241859 1.9125070138411089 15
