1764288928208 12.21264367816092 0
1764288961726 17.097701149425287 1
1764288991418 24.85632183908046 2
1764289022361 29.597701149425287 3
1764289055538 32.18390804597701 4
1764289066481 34.05172413793103 5
1764289077439 35.05747126436781 6
1764289088032 36.63793103448276 7
1764289120215 37.06896551724138 8
1764289183138 38.793103448275865 9
1764289195254 40.51724137931034 10
1764289206354 40.94827586206897 11
1764289217697 40.804597701149426 12
1764289229625 43.247126436781606 13
1764289241840 41.52298850574713 14
1764289241859 37.06896551724138 15
