1764286960363 2.198713622309945 0
1764286997227 2.196227713064714 1
1764287040647 2.195417680523612 2
1764287074920 2.194026681509885 3
1764287085628 2.1935379884459754 4
1764287096331 2.191648532043804 5
1764287107255 2.1907986510883677 6
1764287145519 2.18870117447593 7
1764287176468 2.1884394613179294 8
1764287186888 2.1864656535061924 9
1764287197934 2.185231707312844 10
1764287208747 2.184344627640464 11
1764287239590 2.1828825527971443 12
1764287271708 2.1825344562530518 13
1764287282133 2.1795989762653005 14
1764287292907 2.178588645024733 15
1764287328430 2.1774885166775095 16
1764287339006 2.176899720322002 17
1764287349864 2.176320108500394 18
1764287380977 2.1727486686273054 19
1764287417184 2.1715877814726396 20
1764287447834 2.1707064563577827 21
1764287458801 2.169681191444397 22
1764287491143 2.169174763289365 23
1764287501751 2.166654711419886 24
1764287532948 2.165913321755149 25
1764287563940 2.164905835281719 26
1764287594784 2.162167039784518 27
1764287605644 2.1634967164559797 28
1764287616203 2.16000112620267 29
1764287652774 2.1601464585824446 30
1764287684602 2.158261011947285 31
1764287695092 2.1584059541875664 32
1764287726691 2.155030234293504 33
1764287760596 2.1536144722591746 34
1764287771262 2.151571647687392 35
1764287782013 2.152839335528287 36
1764287792637 2.1491933465003967 37
1764287803618 2.147698825055903 38
1764287814576 2.1457337574525313 39
1764287846238 2.1460695266723633 40
1764287856839 2.1417496258562263 41
1764287889489 2.1435865217989143 42
1764287920923 2.1419555002992805 43
1764287953485 2.1374185410412876 44
1764287964474 2.141573201526295 45
1764287995438 2.1341110305352644 46
1764288026932 2.134651167826219 47
1764288062674 2.1343972899697046 48
1764288073902 2.1303226839412344 49
1764288084670 2.1303340901028025 50
1764288095485 2.130656973882155 51
1764288106249 2.1294734965671194 52
1764288117272 2.1267944195053796 53
1764288117286 2.134651167826219 54
