1764286960363 11.494252873563218 0
1764286997227 10.919540229885058 1
1764287040647 11.063218390804598 2
1764287074920 12.78735632183908 3
1764287085628 13.505747126436782 4
1764287096331 13.074712643678161 5
1764287107255 13.793103448275861 6
1764287145519 14.511494252873563 7
1764287176468 14.367816091954023 8
1764287186888 15.517241379310345 9
1764287197934 14.655172413793103 10
1764287208747 15.373563218390805 11
1764287239590 16.091954022988507 12
1764287271708 16.810344827586206 13
1764287282133 18.53448275862069 14
1764287292907 18.82183908045977 15
1764287328430 20.114942528735632 16
1764287339006 19.971264367816094 17
1764287349864 19.396551724137932 18
1764287380977 20.689655172413794 19
1764287417184 20.25862068965517 20
1764287447834 22.844827586206897 21
1764287458801 22.844827586206897 22
1764287491143 20.977011494252874 23
1764287501751 24.137931034482758 24
1764287532948 24.137931034482758 25
1764287563940 25.862068965517242 26
1764287594784 25.14367816091954 27
1764287605644 24.71264367816092 28
1764287616203 26.436781609195403 29
1764287652774 25.43103448275862 30
1764287684602 25.862068965517242 31
1764287695092 25.7183908045977 32
1764287726691 27.586206896551722 33
1764287760596 27.442528735632184 34
1764287771262 29.310344827586206 35
1764287782013 28.160919540229884 36
1764287792637 30.17241379310345 37
1764287803618 30.74712643678161 38
1764287814576 31.32183908045977 39
1764287846238 31.03448275862069 40
1764287856839 32.758620689655174 41
1764287889489 30.89080459770115 42
1764287920923 28.735632183908045 43
1764287953485 31.32183908045977 44
1764287964474 30.74712643678161 45
1764287995438 32.90229885057471 46
1764288026932 32.18390804597701 47
1764288062674 32.327586206896555 48
1764288073902 32.18390804597701 49
1764288084670 33.333333333333336 50
1764288095485 31.75287356321839 51
1764288106249 33.333333333333336 52
1764288117272 32.758620689655174 53
1764288117286 32.18390804597701 54
