1764307916893 2.1659567753473916 0
1764307951516 2.086999257405599 1
1764307986157 1.9981181621551514 2
1764308020653 1.9068468411763508 3
1764308055279 1.785853107770284 4
1764308089785 1.707294762134552 5
1764308107449 1.6267777880032857 6
1764308125070 1.542956550916036 7
1764308142774 1.528738300005595 8
1764308160484 1.438614050547282 9
1764308178159 1.4457369844118755 10
1764308212905 1.4021058877309163 11
1764308230533 1.4505667289098103 12
1764308248189 1.342309335867564 13
1764308282802 1.314769188563029 14
1764308300880 1.3286483883857727 15
1764308335583 1.2623982230822246 16
1764308353396 1.2393388549486797 17
1764308371193 1.1872573296229045 18
1764308388974 1.2467769980430603 19
1764308406805 1.124334712823232 20
1764308424648 1.139205535252889 21
1764308424658 1.3286483883857727 22
