1764307916893 20.833333333333332 0
1764307951516 28.304597701149426 1
1764307986157 37.35632183908046 2
1764308020653 37.64367816091954 3
1764308055279 39.798850574712645 4
1764308089785 41.235632183908045 5
1764308107449 43.10344827586207 6
1764308125070 44.10919540229885 7
1764308142774 43.53448275862069 8
1764308160484 48.99425287356322 9
1764308178159 45.97701149425287 10
1764308212905 46.264367816091955 11
1764308230533 45.11494252873563 12
1764308248189 49.42528735632184 13
1764308282802 51.58045977011494 14
1764308300880 50.0 15
1764308335583 54.310344827586206 16
1764308353396 55.172413793103445 17
1764308371193 54.741379310344826 18
1764308388974 53.160919540229884 19
1764308406805 58.62068965517241 20
1764308424648 57.18390804597701 21
1764308424658 50.0 22
