1764310362852 7.040229885057471 0
1764310402413 6.609195402298851 1
1764310437566 11.637931034482758 2
1764310473399 14.224137931034482 3
1764310508223 14.367816091954023 4
1764310526462 12.78735632183908 5
1764310545022 14.798850574712644 6
1764310580296 15.373563218390805 7
1764310598191 16.091954022988507 8
1764310632861 17.67241379310345 9
1764310650642 16.95402298850575 10
1764310668552 18.82183908045977 11
1764310703615 18.82183908045977 12
1764310745058 18.96551724137931 13
1764310780191 20.402298850574713 14
1764310815532 19.683908045977013 15
1764310850874 18.96551724137931 16
1764310869096 19.396551724137932 17
1764310904168 19.683908045977013 18
1764310922190 20.25862068965517 19
1764310957454 19.683908045977013 20
1764310992998 20.54597701149425 21
1764311011386 21.551724137931036 22
1764311029742 22.270114942528735 23
1764311065021 21.982758620689655 24
1764311083311 21.982758620689655 25
1764311118527 21.264367816091955 26
1764311153884 23.563218390804597 27
1764311172152 23.99425287356322 28
1764311190679 24.71264367816092 29
1764311208894 23.275862068965516 30
1764311227128 23.70689655172414 31
1764311245308 23.419540229885058 32
1764311245318 21.264367816091955 33
