1764310362852 2.216244379679362 0
1764310402413 2.2056228717168174 1
1764310437566 2.200737198193868 2
1764310473399 2.1862830320994058 3
1764310508223 2.1821208000183105 4
1764310526462 2.1766722599665322 5
1764310545022 2.1711769104003906 6
1764310580296 2.1644321282704673 7
1764310598191 2.1622221867243447 8
1764310632861 2.155158758163452 9
1764310650642 2.1533734798431396 10
1764310668552 2.1494479179382324 11
1764310703615 2.1473915179570517 12
1764310745058 2.138660947481791 13
1764310780191 2.1361271142959595 14
1764310815532 2.131961464881897 15
1764310850874 2.131710926691691 16
1764310869096 2.1272531747817993 17
1764310904168 2.126376748085022 18
1764310922190 2.124300241470337 19
1764310957454 2.1252185503641763 20
1764310992998 2.1154661575953164 21
1764311011386 2.1147956450780234 22
1764311029742 2.109754284222921 23
1764311065021 2.112393935521444 24
1764311083311 2.1084962685902915 25
1764311118527 2.10735293229421 26
1764311153884 2.1057217518488565 27
1764311172152 2.102518161137899 28
1764311190679 2.0962644815444946 29
1764311208894 2.0953707695007324 30
1764311227128 2.0942967335383096 31
1764311245308 2.093039790789286 32
1764311245318 2.10735293229421 33
