1764256890471 13.362068965517242 0
1764256919037 17.528735632183906 1
1764256947064 16.091954022988507 2
1764256954394 21.264367816091955 3
1764256982380 23.99425287356322 4
1764257010659 20.833333333333332 5
1764257017683 21.551724137931036 6
1764257024595 22.988505747126435 7
1764257031667 20.833333333333332 8
1764257066779 23.850574712643677 9
1764257075997 22.844827586206897 10
1764257083424 19.971264367816094 11
1764257091158 22.270114942528735 12
1764257098571 25.57471264367816 13
1764257105973 25.57471264367816 14
1764257105988 20.833333333333332 15
