1764256890471 83.06307196617126 0
1764256919037 18.440688292185467 1
1764256947064 10.299363136291504 2
1764256954394 4.03355610370636 3
1764256982380 3.5057245095570884 4
1764257010659 2.1525015234947205 5
1764257017683 2.07058984041214 6
1764257024595 1.9774657885233562 7
1764257031667 1.99572358528773 8
1764257066779 2.049310028553009 9
1764257075997 1.988945206006368 10
1764257083424 2.003332257270813 11
1764257091158 1.966647207736969 12
1764257098571 1.868760347366333 13
1764257105973 1.9043750564257305 14
1764257105988 1.99572358528773 15
