1764299369178 2.2600190178914503 0
1764299405547 1.4664368548176505 1
1764299441831 1.1776446320793845 2
1764299478191 0.991550977257165 3
1764299497282 0.9068059040741487 4
1764299533629 0.7987144548784603 5
1764299569945 0.710348869589242 6
1764299589474 0.6787644773721695 7
1764299608890 0.695608760822903 8
1764299645285 0.5577657121148977 9
1764299664695 0.5357647500932217 10
1764299701344 0.5286379412493922 11
1764299720928 0.4550459533929825 12
1764299740455 0.357815564356067 13
1764299777180 0.3610210838642987 14
1764299796690 0.3120642027563669 15
1764299816426 0.30661935333839874 16
1764299835996 0.26194534095173533 17
1764299855582 0.20579136869954792 18
1764299875096 0.18966088092631914 19
1764299875107 0.357815564356067 20
