1764299369178 25.14367816091954 0
1764299405547 43.96551724137931 1
1764299441831 52.729885057471265 2
1764299478191 61.49425287356322 3
1764299497282 65.66091954022988 4
1764299533629 71.12068965517241 5
1764299569945 72.27011494252874 6
1764299589474 76.58045977011494 7
1764299608890 75.43103448275862 8
1764299645285 79.45402298850574 9
1764299664695 81.32183908045977 10
1764299701344 81.46551724137932 11
1764299720928 84.77011494252874 12
1764299740455 88.07471264367815 13
1764299777180 90.22988505747126 14
1764299796690 92.816091954023 15
1764299816426 91.8103448275862 16
1764299835996 91.66666666666667 17
1764299855582 93.82183908045977 18
1764299875096 93.82183908045977 19
1764299875107 88.07471264367815 20
