1764274115772 11.925287356321839 0
1764274149896 14.798850574712644 1
1764274183882 15.948275862068966 2
1764274216022 18.103448275862068 3
1764274225378 19.683908045977013 4
1764274234970 18.82183908045977 5
1764274266788 17.67241379310345 6
1764274275995 19.971264367816094 7
1764274310869 22.126436781609197 8
1764274346199 24.42528735632184 9
1764274378886 25.28735632183908 10
1764274415472 25.28735632183908 11
1764274424582 28.735632183908045 12
1764274461360 29.166666666666668 13
1764274492779 29.885057471264368 14
1764274525193 30.89080459770115 15
1764274555794 32.61494252873563 16
1764274586746 32.47126436781609 17
1764274595669 33.333333333333336 18
1764274604694 35.91954022988506 19
1764274613533 35.775862068965516 20
1764274644549 37.21264367816092 21
1764274653625 35.05747126436781 22
1764274682999 36.92528735632184 23
1764274692530 36.35057471264368 24
1764274707970 35.05747126436781 25
1764274737508 35.91954022988506 26
1764274746892 37.78735632183908 27
1764274776738 37.78735632183908 28
1764274785430 40.51724137931034 29
1764274794978 39.224137931034484 30
1764274825893 37.93103448275862 31
1764274854972 38.793103448275865 32
1764274864011 39.08045977011494 33
1764274873147 37.78735632183908 34
1764274903248 37.78735632183908 35
1764274912432 38.2183908045977 36
1764274922377 40.804597701149426 37
1764274931598 38.9367816091954 38
1764274940866 39.6551724137931 39
1764274950488 40.94827586206897 40
1764274950501 37.78735632183908 41
