1764274115772 2.2033787857402456 0
1764274149896 2.192098530856046 1
1764274183882 2.1838939623399214 2
1764274216022 2.1775383082303135 3
1764274225378 2.170237519524314 4
1764274234970 2.162684353915128 5
1764274266788 2.1566733446988193 6
1764274275995 2.152518294074319 7
1764274310869 2.1486060836098413 8
1764274346199 2.140973849730058 9
1764274378886 2.13502929427407 10
1764274415472 2.132440762086348 11
1764274424582 2.1258148713545366 12
1764274461360 2.119528748772361 13
1764274492779 2.117677168412642 14
1764274525193 2.1087696335532446 15
1764274555794 2.1040924245660957 16
1764274586746 2.10251691124656 17
1764274595669 2.0943413864482534 18
1764274604694 2.0891658826307817 19
1764274613533 2.082397049123591 20
1764274644549 2.07593128897927 21
1764274653625 2.0713655948638916 22
1764274682999 2.0667182315479624 23
1764274692530 2.0609532486308706 24
1764274707970 2.0556693293831567 25
1764274737508 2.0491646203127774 26
1764274746892 2.0409924767234107 27
1764274776738 2.0356175249273125 28
1764274785430 2.0254732262004507 29
1764274794978 2.0193873860619287 30
1764274825893 2.0120074857365 31
1764274854972 2.0053794275630605 32
1764274864011 1.9976600408554077 33
1764274873147 1.9907213557850232 34
1764274903248 1.9838482249866833 35
1764274912432 1.9739719737659802 36
1764274922377 1.9618383104150945 37
1764274931598 1.959047642621127 38
1764274940866 1.9450751109556719 39
1764274950488 1.9388168291612105 40
1764274950501 1.9907213557850232 41
