1764279290019 17.95977011494253 0
1764279324775 34.339080459770116 1
1764279362952 44.827586206896555 2
1764279374922 47.41379310344828 3
1764279411976 52.87356321839081 4
1764279440595 52.1551724137931 5
1764279471351 56.89655172413793 6
1764279483146 59.91379310344828 7
1764279518737 62.64367816091954 8
1764279553391 63.793103448275865 9
1764279563920 65.80459770114942 10
1764279574210 65.80459770114942 11
1764279584946 69.97126436781609 12
1764279622565 69.82758620689656 13
1764279656579 70.25862068965517 14
1764279666868 72.70114942528735 15
1764279677043 71.98275862068965 16
1764279686964 71.83908045977012 17
1764279718071 74.71264367816092 18
1764279727956 75.43103448275862 19
1764279737563 78.5919540229885 20
1764279747241 77.29885057471265 21
1764279782871 78.5919540229885 22
1764279793210 79.74137931034483 23
1764279803358 80.74712643678161 24
1764279813144 79.16666666666667 25
1764279843195 80.74712643678161 26
1764279853674 82.61494252873563 27
1764279853694 77.29885057471265 28
