1764279290019 2.1297289530436196 0
1764279324775 1.8471295634905498 1
1764279362952 1.653807560602824 2
1764279374922 1.4756549000740051 3
1764279411976 1.2987343867619832 4
1764279440595 1.2365944584210713 5
1764279471351 1.122172196706136 6
1764279483146 1.0645344456036885 7
1764279518737 0.9752615789572397 8
1764279553391 0.9376151859760284 9
1764279563920 0.901027242342631 10
1764279574210 0.880154679218928 11
1764279584946 0.8030686676502228 12
1764279622565 0.8314098914464315 13
1764279656579 0.7882610062758127 14
1764279666868 0.7375619610150655 15
1764279677043 0.7467155754566193 16
1764279686964 0.7366769711176554 17
1764279718071 0.7025305231412252 18
1764279727956 0.6514460643132528 19
1764279737563 0.6031572769085566 20
1764279747241 0.611891527970632 21
1764279782871 0.605920265118281 22
1764279793210 0.5602211207151413 23
1764279803358 0.5301403055588404 24
1764279813144 0.5308026025692621 25
1764279843195 0.5305066555738449 26
1764279853674 0.4960385262966156 27
1764279853694 0.611891527970632 28
