1764259090320 23.132183908045977 0
1764259127955 33.04597701149425 1
1764259165080 38.2183908045977 2
1764259178364 40.08620689655172 3
1764259222910 42.52873563218391 4
1764259236421 44.39655172413793 5
1764259249863 44.39655172413793 6
1764259263388 46.12068965517241 7
1764259300875 47.55747126436781 8
1764259337176 47.41379310344828 9
1764259353336 49.2816091954023 10
1764259389502 50.0 11
1764259425622 49.85632183908046 12
1764259439239 48.99425287356322 13
1764259453388 53.304597701149426 14
1764259468012 54.166666666666664 15
1764259482652 53.44827586206897 16
1764259497638 52.1551724137931 17
1764259537086 56.17816091954023 18
1764259550537 55.31609195402299 19
1764259592716 56.03448275862069 20
1764259628467 54.741379310344826 21
1764259663466 54.88505747126437 22
1764259677112 56.752873563218394 23
1764259690948 56.89655172413793 24
1764259727058 58.04597701149425 25
1764259741158 55.45977011494253 26
1764259755245 59.770114942528735 27
1764259770107 59.48275862068966 28
1764259785473 60.05747126436781 29
1764259823875 61.0632183908046 30
1764259837688 59.91379310344828 31
1764259851356 60.632183908045974 32
1764259887376 61.63793103448276 33
1764259900910 62.5 34
1764259914444 61.0632183908046 35
1764259927982 62.93103448275862 36
1764259970311 60.05747126436781 37
1764259984698 62.21264367816092 38
1764259999234 61.49425287356322 39
1764260016401 63.9367816091954 40
1764260030687 63.64942528735632 41
1764260067596 62.93103448275862 42
1764260081136 63.64942528735632 43
1764260095115 63.50574712643678 44
1764260109531 64.65517241379311 45
1764260123991 64.22413793103448 46
1764260164442 63.2183908045977 47
1764260180629 64.22413793103448 48
1764260196732 64.65517241379311 49
1764260196749 64.22413793103448 50
