1764259090320 2.101403916423971 0
1764259127955 1.9313347800211473 1
1764259165080 1.8128708059137517 2
1764259178364 1.707225734537298 3
1764259222910 1.635785761204633 4
1764259236421 1.5546708486296914 5
1764259249863 1.5108047073537654 6
1764259263388 1.467582274566997 7
1764259300875 1.4486005360429937 8
1764259337176 1.3863120878284627 9
1764259353336 1.3525771728970788 10
1764259389502 1.3262607157230377 11
1764259425622 1.305809809402986 12
1764259439239 1.3154509636488827 13
1764259453388 1.2387704009359533 14
1764259468012 1.2251624884930523 15
1764259482652 1.228613709861582 16
1764259497638 1.223248908465559 17
1764259537086 1.1914653263308785 18
1764259550537 1.195085812698711 19
1764259592716 1.1553878513249485 20
1764259628467 1.1646044579419224 21
1764259663466 1.1314057287844745 22
1764259677112 1.1446490856734188 23
1764259690948 1.1083234738219867 24
1764259727058 1.0854069847952237 25
1764259741158 1.091126799583435 26
1764259755245 1.085280484773896 27
1764259770107 1.0499596446752548 28
1764259785473 1.0648383538831363 29
1764259823875 1.0457730510018088 30
1764259837688 1.0535862784494052 31
1764259851356 1.0342208431525663 32
1764259887376 1.015977295962247 33
1764259900910 1.026937574148178 34
1764259914444 1.012200195680965 35
1764259927982 1.0075049752538854 36
1764259970311 0.9902547367594459 37
1764259984698 0.9954326057975943 38
1764259999234 0.9808754040436312 39
1764260016401 0.9838365011594512 40
1764260030687 0.981482669711113 41
1764260067596 0.9502046785571359 42
1764260081136 0.9604947526346553 43
1764260095115 0.9673696878281507 44
1764260109531 0.9383907650004734 45
1764260123991 0.9510603919625282 46
1764260164442 0.956470100717111 47
1764260180629 0.9163063114339655 48
1764260196732 0.9027585102753206 49
1764260196749 0.9510603919625282 50
