1764267719107 2.194642348722978 0
1764267749967 2.1795379356904463 1
1764267785689 2.1666864969513635 2
1764267816652 2.1568264202638106 3
1764267854581 2.1450963507999075 4
1764267864815 2.134676992893219 5
1764267875043 2.124477803707123 6
1764267908449 2.111880351196636 7
1764267942834 2.1006501750512556 8
1764267973461 2.087784371592782 9
1764268004193 2.074091215025295 10
1764268034397 2.058504868637432 11
1764268043900 2.042823000387712 12
1764268074739 2.026055308905515 13
1764268084266 2.0066791474819183 14
1764268093696 1.9849685051224448 15
1764268126579 1.9601155492392452 16
1764268136096 1.935198344967582 17
1764268172900 1.9107268967411735 18
1764268182855 1.8850355039943347 19
1764268192645 1.8577365983616223 20
1764268225934 1.8308337276632136 21
1764268235535 1.801130094311454 22
1764268244871 1.7658595903353258 23
1764268280982 1.7397084398703142 24
1764268290742 1.7114818475463174 25
1764268300688 1.6805532385002484 26
1764268311266 1.657879347150976 27
1764268342288 1.6412980448115955 28
1764268351768 1.6139042702588169 29
1764268361133 1.5895809097723528 30
1764268370823 1.574106820605018 31
1764268380170 1.5475067767229946 32
1764268390117 1.5274669717658649 33
1764268422227 1.50885747237639 34
1764268431695 1.4879033728079363 35
1764268441404 1.4799770198085092 36
1764268477734 1.4447279464114795 37
1764268487115 1.4303687607700175 38
1764268496491 1.415128087455576 39
1764268506168 1.4018139974637465 40
1764268516495 1.3923494721000844 41
1764268526864 1.3784164109013297 42
1764268526878 1.4799770198085092 43
