1764267719107 11.350574712643677 0
1764267749967 13.362068965517242 1
1764267785689 15.373563218390805 2
1764267816652 17.816091954022987 3
1764267854581 15.373563218390805 4
1764267864815 17.816091954022987 5
1764267875043 21.264367816091955 6
1764267908449 21.982758620689655 7
1764267942834 25.28735632183908 8
1764267973461 26.29310344827586 9
1764268004193 29.45402298850575 10
1764268034397 30.603448275862068 11
1764268043900 31.32183908045977 12
1764268074739 32.61494252873563 13
1764268084266 33.333333333333336 14
1764268093696 35.632183908045974 15
1764268126579 37.78735632183908 16
1764268136096 36.7816091954023 17
1764268172900 36.63793103448276 18
1764268182855 39.224137931034484 19
1764268192645 37.21264367816092 20
1764268225934 38.793103448275865 21
1764268235535 37.21264367816092 22
1764268244871 39.94252873563219 23
1764268280982 38.2183908045977 24
1764268290742 39.798850574712645 25
1764268300688 42.81609195402299 26
1764268311266 40.94827586206897 27
1764268342288 43.39080459770115 28
1764268351768 41.37931034482759 29
1764268361133 43.53448275862069 30
1764268370823 45.11494252873563 31
1764268380170 43.82183908045977 32
1764268390117 43.247126436781606 33
1764268422227 46.4080459770115 34
1764268431695 45.11494252873563 35
1764268441404 45.833333333333336 36
1764268477734 46.695402298850574 37
1764268487115 48.5632183908046 38
1764268496491 47.55747126436781 39
1764268506168 48.85057471264368 40
1764268516495 48.5632183908046 41
1764268526864 47.55747126436781 42
1764268526878 45.833333333333336 43
