1764257114990 2.1184551318486533 0
1764257144493 2.0100704630215964 1
1764257177474 1.908172885576884 2
1764257205795 1.843490441640218 3
1764257212501 1.7549229462941487 4
1764257219203 1.7193495233853657 5
1764257225901 1.638803203900655 6
1764257232574 1.606956660747528 7
1764257262128 1.560001293818156 8
1764257291511 1.5181063214937847 9
1764257300363 1.470574637254079 10
1764257307351 1.4812499682108562 11
1764257314623 1.4399407108624775 12
1764257343533 1.4124927322069805 13
1764257373033 1.3919769525527954 14
1764257379772 1.3726436495780945 15
1764257386131 1.3530880610148113 16
1764257413727 1.325415591398875 17
1764257420361 1.2917759418487549 18
1764257426653 1.3162771066029866 19
1764257455856 1.339894413948059 20
1764257483827 1.314265251159668 21
1764257490410 1.247433106104533 22
1764257496944 1.2178918321927388 23
1764257503446 1.2007669806480408 24
1764257530584 1.1979385415712993 25
1764257537228 1.2022586067517598 26
1764257543680 1.2558424671490986 27
1764257574114 1.1689695715904236 28
1764257581342 1.1692590316136677 29
1764257590150 1.1781321167945862 30
1764257597055 1.146985689798991 31
1764257603953 1.1646795471509297 32
1764257611010 1.1260218818982441 33
1764257611024 1.2558424671490986 34
