1764257114990 20.977011494252874 0
1764257144493 30.17241379310345 1
1764257177474 35.201149425287355 2
1764257205795 39.08045977011494 3
1764257212501 39.08045977011494 4
1764257219203 42.09770114942529 5
1764257225901 40.804597701149426 6
1764257232574 44.54022988505747 7
1764257262128 44.97126436781609 8
1764257291511 46.264367816091955 9
1764257300363 46.4080459770115 10
1764257307351 46.98275862068966 11
1764257314623 46.264367816091955 12
1764257343533 46.4080459770115 13
1764257373033 47.55747126436781 14
1764257379772 47.41379310344828 15
1764257386131 49.13793103448276 16
1764257413727 48.706896551724135 17
1764257420361 49.56896551724138 18
1764257426653 50.14367816091954 19
1764257455856 51.14942528735632 20
1764257483827 48.5632183908046 21
1764257490410 52.729885057471265 22
1764257496944 50.86206896551724 23
1764257503446 54.45402298850575 24
1764257530584 56.03448275862069 25
1764257537228 52.1551724137931 26
1764257543680 52.44252873563219 27
1764257574114 53.160919540229884 28
1764257581342 56.17816091954023 29
1764257590150 52.87356321839081 30
1764257597055 54.45402298850575 31
1764257603953 54.741379310344826 32
1764257611010 55.31609195402299 33
1764257611024 52.44252873563219 34
