1764271228922 10.919540229885058 0
1764271261984 15.086206896551724 1
1764271292497 14.942528735632184 2
1764271323314 17.385057471264368 3
1764271358490 18.67816091954023 4
1764271368202 23.132183908045977 5
1764271378165 24.137931034482758 6
1764271387981 24.42528735632184 7
1764271422367 30.74712643678161 8
1764271431439 33.333333333333336 9
1764271463582 34.48275862068966 10
1764271495834 35.3448275862069 11
1764271526518 35.91954022988506 12
1764271535443 36.49425287356322 13
1764271566014 38.793103448275865 14
1764271596495 40.51724137931034 15
1764271605500 41.810344827586206 16
1764271614680 40.37356321839081 17
1764271624469 44.54022988505747 18
1764271654560 44.827586206896555 19
1764271663659 46.12068965517241 20
1764271672832 47.41379310344828 21
1764271682545 46.55172413793103 22
1764271712885 48.5632183908046 23
1764271722389 48.41954022988506 24
1764271732293 49.2816091954023 25
1764271764557 50.7183908045977 26
1764271774630 49.2816091954023 27
1764271783702 51.724137931034484 28
1764271793098 47.8448275862069 29
1764271823814 56.60919540229885 30
1764271832911 55.172413793103445 31
1764271842189 53.44827586206897 32
1764271851754 54.59770114942529 33
1764271861285 56.46551724137931 34
1764271892035 56.752873563218394 35
1764271902236 59.195402298850574 36
1764271912575 58.62068965517241 37
1764271922747 59.05172413793103 38
1764271962320 55.747126436781606 39
1764271971449 59.770114942528735 40
1764271980448 58.9080459770115 41
1764272014543 58.9080459770115 42
1764272045183 61.7816091954023 43
1764272054704 62.21264367816092 44
1764272064893 60.91954022988506 45
1764272099629 59.91379310344828 46
1764272108626 63.64942528735632 47
1764272117741 60.201149425287355 48
1764272126509 61.206896551724135 49
1764272161115 63.36206896551724 50
1764272170351 62.21264367816092 51
1764272179263 65.94827586206897 52
1764272188661 62.21264367816092 53
1764272198377 64.94252873563218 54
1764272208226 64.51149425287356 55
1764272208240 61.206896551724135 56
