1764271228922 2.199207154187289 0
1764271261984 2.1861320625651968 1
1764271292497 2.172568668018688 2
1764271323314 2.1583475416356865 3
1764271358490 2.142755551771684 4
1764271368202 2.122765129262751 5
1764271378165 2.0944421724839644 6
1764271387981 2.0545009591362695 7
1764271422367 2.0204209089279175 8
1764271431439 1.9800463156266646 9
1764271463582 1.9447840668938376 10
1764271495834 1.903147361495278 11
1764271526518 1.869534590027549 12
1764271535443 1.849902944131331 13
1764271566014 1.7758603312752463 14
1764271596495 1.7409509312022815 15
1764271605500 1.7416419007561423 16
1764271614680 1.6976700154217808 17
1764271624469 1.65821373462677 18
1764271654560 1.594507260756059 19
1764271663659 1.5539019974795254 20
1764271672832 1.5133328329433093 21
1764271682545 1.4866814613342285 22
1764271712885 1.4194398468190974 23
1764271722389 1.3978157802061602 24
1764271732293 1.3840401606126265 25
1764271764557 1.3531847650354558 26
1764271774630 1.34586501121521 27
1764271783702 1.2728724154559048 28
1764271793098 1.4122216484763406 29
1764271823814 1.2311501611362805 30
1764271832911 1.1969898505644365 31
1764271842189 1.2171126170591875 32
1764271851754 1.2515949227593162 33
1764271861285 1.157213200222362 34
1764271892035 1.1323635361411355 35
1764271902236 1.1306849934838035 36
1764271912575 1.109608444300565 37
1764271922747 1.098487669771368 38
1764271962320 1.12572703036395 39
1764271971449 1.0913192521442066 40
1764271980448 1.0968883525241504 41
1764272014543 1.0563684105873108 42
1764272045183 1.0680756894024936 43
1764272054704 1.028362973169847 44
1764272064893 1.0250152837146411 45
1764272099629 1.038365743376992 46
1764272108626 0.9775532213124362 47
1764272117741 1.0253238732164556 48
1764272126509 0.9988217462192882 49
1764272161115 0.9607543457638134 50
1764272170351 0.9931575872681357 51
1764272179263 0.9150067351081155 52
1764272188661 0.9483390179547396 53
1764272198377 0.9239444461735812 54
1764272208226 0.9073547883467241 55
1764272208240 0.9988217462192882 56
