1764299894103 2.1227618618444963 0
1764299930035 1.9674077250740745 1
1764299965631 1.8218768130649219 2
1764299984213 1.6964724388989536 3
1764300002840 1.5698980391025543 4
1764300038367 1.4899816865270787 5
1764300057415 1.4192424091425808 6
1764300093342 1.3518292253667659 7
1764300128994 1.305822498419068 8
1764300147837 1.248360750350085 9
1764300183162 1.2577469931407408 10
1764300201867 1.2024749530987306 11
1764300239318 1.1801463243636219 12
1764300257983 1.1512706144289537 13
1764300293815 1.1329409927129745 14
1764300313073 1.0663045726039193 15
1764300331964 1.0567791610956192 16
1764300367999 1.0334005498073318 17
1764300386805 1.0168773965402083 18
1764300405638 1.000009317289699 19
1764300424407 0.9714758030392907 20
1764300460114 0.9581596472046592 21
1764300496053 0.9262817684899677 22
1764300515642 0.9319359754974191 23
1764300536410 0.9199523316188292 24
1764300566572 0.8920228366147388 25
1764300585761 0.8663374530998144 26
1764300604756 0.875207478349859 27
1764300604768 0.9581596472046592 28
