1764299894103 20.54597701149425 0
1764299930035 35.91954022988506 1
1764299965631 39.798850574712645 2
1764299984213 41.666666666666664 3
1764300002840 44.39655172413793 4
1764300038367 45.97701149425287 5
1764300057415 48.706896551724135 6
1764300093342 51.14942528735632 7
1764300128994 50.57471264367816 8
1764300147837 52.87356321839081 9
1764300183162 54.45402298850575 10
1764300201867 57.18390804597701 11
1764300239318 56.46551724137931 12
1764300257983 55.172413793103445 13
1764300293815 59.339080459770116 14
1764300313073 61.0632183908046 15
1764300331964 61.206896551724135 16
1764300367999 62.78735632183908 17
1764300386805 62.93103448275862 18
1764300405638 61.92528735632184 19
1764300424407 63.50574712643678 20
1764300460114 64.22413793103448 21
1764300496053 65.22988505747126 22
1764300515642 65.94827586206897 23
1764300536410 65.66091954022988 24
1764300566572 67.816091954023 25
1764300585761 68.67816091954023 26
1764300604756 69.39655172413794 27
1764300604768 64.22413793103448 28
