1764286119069 2.0046363798054783 0
1764286154034 1.6014138622717424 1
1764286188064 1.3897503451867537 2
1764286223543 1.2246526195244356 3
1764286257851 1.1704830784689297 4
1764286293307 1.0439926887100393 5
1764286327413 0.992062427780845 6
1764286362154 0.9749712916937742 7
1764286375253 0.8743545399470762 8
1764286417536 0.8366353918205608 9
1764286453824 0.8097472753037106 10
1764286467649 0.7496524161913178 11
1764286502388 0.7217873301018368 12
1764286536674 0.6919041133739732 13
1764286549840 0.6861877163702791 14
1764286563761 0.661040570248257 15
1764286576909 0.6108567978848111 16
1764286611442 0.5867113162848082 17
1764286624791 0.5563774684613402 18
1764286638448 0.5408868132667108 19
1764286651457 0.5154637525027449 20
1764286664704 0.48608831045302475 21
1764286677681 0.4653646526011554 22
1764286715607 0.4612029797651551 23
1764286728871 0.44194797900590027 24
1764286773010 0.4097639542411674 25
1764286786574 0.4069054272364486 26
1764286799732 0.4149874665520408 27
1764286812826 0.366434556516734 28
1764286825864 0.36801120909777557 29
1764286838829 0.3433767570690675 30
1764286838844 0.44194797900590027 31
