1764286119069 21.982758620689655 0
1764286154034 44.252873563218394 1
1764286188064 50.14367816091954 2
1764286223543 54.88505747126437 3
1764286257851 57.61494252873563 4
1764286293307 63.07471264367816 5
1764286327413 64.36781609195403 6
1764286362154 63.50574712643678 7
1764286375253 68.39080459770115 8
1764286417536 68.96551724137932 9
1764286453824 71.69540229885058 10
1764286467649 75.28735632183908 11
1764286502388 73.99425287356321 12
1764286536674 76.58045977011494 13
1764286549840 75.43103448275862 14
1764286563761 77.01149425287356 15
1764286576909 78.73563218390805 16
1764286611442 79.88505747126437 17
1764286624791 81.46551724137932 18
1764286638448 81.60919540229885 19
1764286651457 82.75862068965517 20
1764286664704 83.76436781609195 21
1764286677681 85.63218390804597 22
1764286715607 83.9080459770115 23
1764286728871 85.05747126436782 24
1764286773010 87.5 25
1764286786574 85.77586206896552 26
1764286799732 86.35057471264368 27
1764286812826 88.79310344827586 28
1764286825864 87.78735632183908 29
1764286838829 89.79885057471265 30
1764286838844 85.05747126436782 31
