1764283159646 23.419540229885058 0
1764283202144 33.47701149425287 1
1764283243761 38.9367816091954 2
1764283258979 40.94827586206897 3
1764283299943 47.12643678160919 4
1764283316844 50.0 5
1764283333043 50.28735632183908 6
1764283377093 54.741379310344826 7
1764283429056 54.45402298850575 8
1764283442629 58.04597701149425 9
1764283477207 62.06896551724138 10
1764283491265 60.201149425287355 11
1764283505991 62.5 12
1764283546822 65.22988505747126 13
1764283561197 63.9367816091954 14
1764283574538 66.37931034482759 15
1764283589314 67.95977011494253 16
1764283603737 66.23563218390805 17
1764283618342 67.52873563218391 18
1764283655102 65.94827586206897 19
1764283667732 71.98275862068965 20
1764283680869 72.70114942528735 21
1764283694375 72.1264367816092 22
1764283708491 73.99425287356321 23
1764283745138 72.55747126436782 24
1764283783729 77.01149425287356 25
1764283797932 75.28735632183908 26
1764283812180 74.85632183908046 27
1764283826245 73.70689655172414 28
1764283839917 74.71264367816092 29
1764283839932 73.99425287356321 30
