1764283159646 2.112152774225582 0
1764283202144 1.8685549876906655 1
1764283243761 1.6535316407680511 2
1764283258979 1.4951420805670999 3
1764283299943 1.388270532543009 4
1764283316844 1.281260002743114 5
1764283333043 1.2382759600877762 6
1764283377093 1.1686233769763599 7
1764283429056 1.114281871102073 8
1764283442629 1.0644165738062425 9
1764283477207 0.9875848212025382 10
1764283491265 0.9759553691202943 11
1764283505991 0.9581413499333642 12
1764283546822 0.9061208922754634 13
1764283561197 0.9012085673483935 14
1764283574538 0.8899020227518949 15
1764283589314 0.8498596765778281 16
1764283603737 0.8776212747801434 17
1764283618342 0.8512560996142301 18
1764283655102 0.8381449444727465 19
1764283667732 0.7541300823742693 20
1764283680869 0.7469166205687956 21
1764283694375 0.7494665926153009 22
1764283708491 0.6913632899522781 23
1764283745138 0.7423021786592223 24
1764283783729 0.669398504902016 25
1764283797932 0.6377954842014746 26
1764283812180 0.668883619660681 27
1764283826245 0.6743236312812025 28
1764283839917 0.6556959775361147 29
1764283839932 0.6913632899522781 30
