1764282282801 20.402298850574713 0
1764282321156 34.770114942528735 1
1764282353001 39.6551724137931 2
1764282385261 44.97126436781609 3
1764282397455 50.14367816091954 4
1764282410248 51.293103448275865 5
1764282424028 56.752873563218394 6
1764282461212 58.9080459770115 7
1764282474880 60.632183908045974 8
1764282489632 61.92528735632184 9
1764282524163 64.22413793103448 10
1764282558017 66.37931034482759 11
1764282571591 70.40229885057471 12
1764282607016 68.39080459770115 13
1764282622392 74.71264367816092 14
1764282636343 72.84482758620689 15
1764282650217 77.01149425287356 16
1764282664179 78.30459770114942 17
1764282679192 81.60919540229885 18
1764282724258 80.89080459770115 19
1764282739136 81.17816091954023 20
1764282754210 82.04022988505747 21
1764282770315 82.183908045977 22
1764282785604 83.9080459770115 23
1764282799530 83.76436781609195 24
1764282799546 81.60919540229885 25
