1764282282801 2.1287548514929684 0
1764282321156 1.8671551698988134 1
1764282353001 1.6295623264529489 2
1764282385261 1.4594733864068985 3
1764282397455 1.3425581089474938 4
1764282410248 1.228296305645596 5
1764282424028 1.1409571821039373 6
1764282461212 1.0595927739685231 7
1764282474880 1.0100379708138378 8
1764282489632 0.9600291292775761 9
1764282524163 0.9085038128224286 10
1764282558017 0.8310538062995131 11
1764282571591 0.7810137508945032 12
1764282607016 0.7723317925225605 13
1764282622392 0.7010993571443991 14
1764282636343 0.7418801337480545 15
1764282650217 0.6277878023684025 16
1764282664179 0.5859474702314897 17
1764282679192 0.5410299006510865 18
1764282724258 0.5442825030874122 19
1764282739136 0.5309528722004457 20
1764282754210 0.47183618118817156 21
1764282770315 0.44651061872189696 22
1764282785604 0.4632917293770747 23
1764282799530 0.42003079266710713 24
1764282799546 0.5410299006510865 25
