1764304670533 2.213466774333607 0
1764304706012 2.2057525461370293 1
1764304723854 2.2008483626625757 2
1764304741927 2.1967393051494253 3
1764304759880 2.1864788965745405 4
1764304794753 2.183522722937844 5
1764304829635 2.180447578430176 6
1764304847538 2.175589539787986 7
1764304865393 2.169428890401667 8
1764304904819 2.166145238009366 9
1764304939997 2.1649219556288286 10
1764304957667 2.1604014960202305 11
1764304992983 2.1556459340182217 12
1764305028140 2.1533815644004126 13
1764305069211 2.149664185263894 14
1764305087250 2.143872759558938 15
1764305122406 2.1410512273961846 16
1764305158004 2.137070959264582 17
1764305175996 2.1315619295293633 18
1764305193978 2.1322520646181973 19
1764305228979 2.129210016944192 20
1764305246967 2.124791903929277 21
1764305293916 2.122315688566728 22
1764305329236 2.1187031919305976 23
1764305364586 2.1160226301713423 24
1764305399804 2.1117824857885186 25
1764305434837 2.104131135073575 26
1764305452565 2.105237830768932 27
1764305470342 2.102162166075273 28
1764305505448 2.1017360904000024 29
1764305523466 2.0946129018610176 30
1764305558401 2.0892528620633213 31
1764305593540 2.0852690610018643 32
1764305628472 2.088530193675648 33
1764305646685 2.0793191519650547 34
1764305664771 2.072792660106312 35
1764305682699 2.068540399724787 36
1764305717843 2.0652814128182153 37
1764305752727 2.066055167805065 38
1764305770767 2.0638749599456787 39
1764305788671 2.055821570483121 40
1764305806699 2.052286234768954 41
1764305841755 2.054474960673939 42
1764305876626 2.0440444296056572 43
1764305894359 2.043754230846058 44
1764305912132 2.0411289388483222 45
1764305947463 2.0360140692103994 46
1764305965602 2.032202265479348 47
1764306000384 2.0240649526769463 48
1764306018331 2.0225440588864414 49
1764306053808 2.0246420123360376 50
1764306071748 2.0171679908579048 51
1764306089889 2.0213628898967397 52
1764306108090 2.0136998891830444 53
1764306126610 2.0154384699734775 54
1764306161642 2.0084619522094727 55
1764306197118 2.0129834847016768 56
1764306215011 1.995150165124373 57
1764306233021 1.9967154589566318 58
1764306251247 1.9880019209601663 59
1764306269405 1.9930686517195269 60
1764306287550 1.9819926782087847 61
1764306287560 2.0084619522094727 62
