1764304670533 13.362068965517242 0
1764304706012 15.373563218390805 1
1764304723854 15.229885057471265 2
1764304741927 14.511494252873563 3
1764304759880 15.229885057471265 4
1764304794753 15.373563218390805 5
1764304829635 14.798850574712644 6
1764304847538 15.948275862068966 7
1764304865393 16.666666666666668 8
1764304904819 17.528735632183906 9
1764304939997 16.235632183908045 10
1764304957667 17.24137931034483 11
1764304992983 19.396551724137932 12
1764305028140 20.833333333333332 13
1764305069211 19.683908045977013 14
1764305087250 22.988505747126435 15
1764305122406 23.419540229885058 16
1764305158004 25.862068965517242 17
1764305175996 28.304597701149426 18
1764305193978 26.436781609195403 19
1764305228979 29.74137931034483 20
1764305246967 28.448275862068964 21
1764305293916 28.735632183908045 22
1764305329236 30.17241379310345 23
1764305364586 30.17241379310345 24
1764305399804 30.45977011494253 25
1764305434837 32.18390804597701 26
1764305452565 32.04022988505747 27
1764305470342 33.62068965517241 28
1764305505448 33.62068965517241 29
1764305523466 32.327586206896555 30
1764305558401 35.201149425287355 31
1764305593540 35.632183908045974 32
1764305628472 32.18390804597701 33
1764305646685 34.195402298850574 34
1764305664771 36.35057471264368 35
1764305682699 34.770114942528735 36
1764305717843 34.62643678160919 37
1764305752727 36.35057471264368 38
1764305770767 35.48850574712644 39
1764305788671 36.206896551724135 40
1764305806699 36.35057471264368 41
1764305841755 35.91954022988506 42
1764305876626 37.35632183908046 43
1764305894359 37.64367816091954 44
1764305912132 38.07471264367816 45
1764305947463 35.632183908045974 46
1764305965602 35.201149425287355 47
1764306000384 39.08045977011494 48
1764306018331 36.49425287356322 49
1764306053808 37.21264367816092 50
1764306071748 37.35632183908046 51
1764306089889 38.36206896551724 52
1764306108090 38.36206896551724 53
1764306126610 37.5 54
1764306161642 37.21264367816092 55
1764306197118 39.94252873563219 56
1764306215011 39.224137931034484 57
1764306233021 37.64367816091954 58
1764306251247 38.793103448275865 59
1764306269405 37.64367816091954 60
1764306287550 38.793103448275865 61
1764306287560 37.21264367816092 62
