1764296791695 20.977011494252874 0
1764296844306 35.91954022988506 1
1764296892810 43.10344827586207 2
1764296918454 44.68390804597701 3
1764296969247 50.57471264367816 4
1764296991712 52.01149425287356 5
1764297036329 56.17816091954023 6
1764297082124 58.333333333333336 7
1764297104908 60.775862068965516 8
1764297128882 63.2183908045977 9
1764297174198 63.793103448275865 10
1764297198013 65.08620689655173 11
1764297221635 68.24712643678161 12
1764297245809 66.37931034482759 13
1764297268827 69.39655172413794 14
1764297292890 68.53448275862068 15
1764297292905 63.2183908045977 16
