1764296791695 2.119896972721273 0
1764296844306 1.8316745134917172 1
1764296892810 1.5908146554773503 2
1764296918454 1.4044602391394703 3
1764296969247 1.262651337818666 4
1764296991712 1.2223358790982852 5
1764297036329 1.1153054968877272 6
1764297082124 1.0270145616748116 7
1764297104908 0.9777348908511075 8
1764297128882 0.976338960907676 9
1764297174198 0.9424294422973286 10
1764297198013 0.8922438140619885 11
1764297221635 0.8586950783025135 12
1764297245809 0.831559338352897 13
1764297268827 0.8516273688186299 14
1764297292890 0.798810332336209 15
1764297292905 0.976338960907676 16
