1764255223899 21.218724687894184 0
1764255251629 3.88479753335317 1
1764255258924 2.2077248096466064 2
1764255265279 1.944533387819926 3
1764255293334 1.8735368251800537 4
1764255321289 1.7128468950589497 5
1764255327864 1.6755872964859009 6
1764255355365 1.5475335121154785 7
1764255362224 1.5779081185658772 8
1764255389979 1.5696255763371785 9
1764255398415 1.5105867385864258 10
1764255426339 1.4481860995292664 11
1764255454683 1.357109526793162 12
1764255461485 1.4298236966133118 13
1764255489253 1.3543922702471416 14
1764255495882 1.3173742691675823 15
1764255502471 1.2476379871368408 16
1764255509098 1.336398959159851 17
1764255515532 1.2906452417373657 18
1764255522342 1.252838373184204 19
1764255551805 1.214757005373637 20
1764255558928 1.1862979531288147 21
1764255565912 1.2245569626490276 22
1764255594727 1.2055897216002147 23
1764255602044 1.270283321539561 24
1764255610313 1.2857754826545715 25
1764255618504 1.2345296541849773 26
1764255625858 1.245247721672058 27
1764255633719 1.3165533343950908 28
1764255633734 1.2245569626490276 29
