1764255223899 9.626436781609195 0
1764255251629 21.982758620689655 1
1764255258924 18.53448275862069 2
1764255265279 24.42528735632184 3
1764255293334 27.729885057471265 4
1764255321289 34.48275862068966 5
1764255327864 31.75287356321839 6
1764255355365 37.78735632183908 7
1764255362224 38.36206896551724 8
1764255389979 33.47701149425287 9
1764255398415 34.91379310344828 10
1764255426339 41.52298850574713 11
1764255454683 46.264367816091955 12
1764255461485 44.10919540229885 13
1764255489253 43.247126436781606 14
1764255495882 46.695402298850574 15
1764255502471 49.85632183908046 16
1764255509098 45.40229885057471 17
1764255515532 46.55172413793103 18
1764255522342 47.55747126436781 19
1764255551805 51.4367816091954 20
1764255558928 53.735632183908045 21
1764255565912 52.729885057471265 22
1764255594727 50.7183908045977 23
1764255602044 48.85057471264368 24
1764255610313 46.264367816091955 25
1764255618504 49.56896551724138 26
1764255625858 50.7183908045977 27
1764255633719 50.14367816091954 28
1764255633734 52.729885057471265 29
