1764258144898 2.1960854530334473 0
1764258179069 2.176798184712728 1
1764258212082 2.1633324225743613 2
1764258241832 2.150008718172709 3
1764258274885 2.1253983974456787 4
1764258302166 2.1351895332336426 5
1764258308750 2.1146806478500366 6
1764258336180 2.09990131855011 7
1764258342683 2.084652622540792 8
1764258370126 2.082173784573873 9
1764258378489 2.0754050811131797 10
1764258384773 2.0747628211975098 11
1764258412875 2.05623459815979 12
1764258441172 2.0522740681966147 13
1764258468769 2.0402567783991494 14
1764258504116 2.0144659876823425 15
1764258531536 2.0157410303751626 16
1764258537941 2.0086118380228677 17
1764258567191 1.997314711411794 18
1764258573671 1.9970489541689556 19
1764258602289 1.9929729302724202 20
1764258609088 1.9670586188634236 21
1764258615350 1.9778831203778584 22
1764258621865 1.9802614053090413 23
1764258628427 1.9682045181592305 24
1764258635164 1.951957643032074 25
1764258635176 1.9970489541689556 26
