1764258144898 11.781609195402298 0
1764258179069 14.224137931034482 1
1764258212082 15.517241379310345 2
1764258241832 15.660919540229886 3
1764258274885 18.53448275862069 4
1764258302166 19.82758620689655 5
1764258308750 21.551724137931036 6
1764258336180 21.982758620689655 7
1764258342683 23.563218390804597 8
1764258370126 24.56896551724138 9
1764258378489 22.413793103448278 10
1764258384773 25.57471264367816 11
1764258412875 30.316091954022987 12
1764258441172 26.867816091954023 13
1764258468769 28.448275862068964 14
1764258504116 30.028735632183906 15
1764258531536 30.45977011494253 16
1764258537941 27.442528735632184 17
1764258567191 29.166666666666668 18
1764258573671 31.60919540229885 19
1764258602289 33.47701149425287 20
1764258609088 32.18390804597701 21
1764258615350 33.47701149425287 22
1764258621865 31.896551724137932 23
1764258628427 33.189655172413794 24
1764258635164 34.05172413793103 25
1764258635176 31.60919540229885 26
