1764303025934 22.557471264367816 0
1764303060624 35.91954022988506 1
1764303095091 40.37356321839081 2
1764303129645 39.224137931034484 3
1764303147319 44.54022988505747 4
1764303182085 45.833333333333336 5
1764303199842 46.264367816091955 6
1764303234256 53.87931034482759 7
1764303251708 53.160919540229884 8
1764303286127 55.60344827586207 9
1764303303685 55.31609195402299 10
1764303321435 55.45977011494253 11
1764303356465 56.60919540229885 12
1764303392041 61.0632183908046 13
1764303426737 60.775862068965516 14
1764303461165 60.05747126436781 15
1764303478802 63.36206896551724 16
1764303496280 64.22413793103448 17
1764303513794 65.94827586206897 18
1764303531529 67.95977011494253 19
1764303549154 65.3735632183908 20
1764303583579 65.08620689655173 21
1764303601164 66.8103448275862 22
1764303618636 68.53448275862068 23
1764303638111 69.39655172413794 24
1764303673040 68.24712643678161 25
1764303690700 70.83333333333333 26
1764303708287 69.54022988505747 27
1764303725903 70.11494252873563 28
1764303760347 72.1264367816092 29
1764303777926 70.83333333333333 30
1764303795537 72.55747126436782 31
1764303813046 72.70114942528735 32
1764303830544 71.83908045977012 33
1764303865370 74.85632183908046 34
1764303883034 76.72413793103448 35
1764303900724 74.42528735632185 36
1764303918517 74.71264367816092 37
1764303936110 74.56896551724138 38
1764303953707 75.28735632183908 39
1764303953719 71.83908045977012 40
