1764303025934 2.1349624503742564 0
1764303060624 1.9208240183916958 1
1764303095091 1.6899188865314831 2
1764303129645 1.5723031759262085 3
1764303147319 1.4384901415218005 4
1764303182085 1.3718475753610784 5
1764303199842 1.349051063710993 6
1764303234256 1.252437168901617 7
1764303251708 1.2298438223925503 8
1764303286127 1.1806691668250344 9
1764303303685 1.1404721899466082 10
1764303321435 1.116890555078333 11
1764303356465 1.1009506420655684 12
1764303392041 1.001559560949152 13
1764303426737 1.0366858081384138 14
1764303461165 1.0096687241034075 15
1764303478802 0.9540413563901727 16
1764303496280 0.9229641881856051 17
1764303513794 0.8913839676163413 18
1764303531529 0.868878657167608 19
1764303549154 0.9125312512571161 20
1764303583579 0.8550157817927274 21
1764303601164 0.8442032824863087 22
1764303618636 0.7981043403798883 23
1764303638111 0.7860271063717928 24
1764303673040 0.7734483046965166 25
1764303690700 0.7817417058077726 26
1764303708287 0.8368214639750394 27
1764303725903 0.7714117927984758 28
1764303760347 0.7105839198285883 29
1764303777926 0.7590819109569896 30
1764303795537 0.6984810070558027 31
1764303813046 0.7319621010260149 32
1764303830544 0.7047837701710787 33
1764303865370 0.6732345548543063 34
1764303883034 0.6408526653593237 35
1764303900724 0.6572669256817211 36
1764303918517 0.643511560830203 37
1764303936110 0.635065035386519 38
1764303953707 0.6319248540834947 39
1764303953719 0.7047837701710787 40
