1764270888809 3.728847698731856 0
1764270921438 2.0676956610246138 1
1764270953212 1.910076542334123 2
1764270984866 1.8565604795109143 3
1764271016274 1.7130871252580122 4
1764271046149 1.5686144503680142 5
1764271076714 1.4888193065469915 6
1764271085600 1.4250310551036487 7
1764271094542 1.4750818014144897 8
1764271103430 1.4184549613432451 9
1764271133883 1.2978068698536267 10
1764271143004 1.2737426432696255 11
1764271173783 1.2000176364725286 12
1764271182768 1.1258656220002607 13
1764271191676 1.152954805981029 14
1764271200420 1.0973777770996094 15
1764271209419 1.0486913594332608 16
1764271218363 1.0226185267621821 17
1764271218384 1.2737426432696255 18
