1764270888809 12.78735632183908 0
1764270921438 22.126436781609197 1
1764270953212 28.017241379310345 2
1764270984866 33.189655172413794 3
1764271016274 36.35057471264368 4
1764271046149 38.64942528735632 5
1764271076714 41.810344827586206 6
1764271085600 42.09770114942529 7
1764271094542 42.241379310344826 8
1764271103430 43.67816091954023 9
1764271133883 51.00574712643678 10
1764271143004 51.293103448275865 11
1764271173783 52.729885057471265 12
1764271182768 55.172413793103445 13
1764271191676 56.03448275862069 14
1764271200420 59.195402298850574 15
1764271209419 62.78735632183908 16
1764271218363 60.632183908045974 17
1764271218384 51.293103448275865 18
