1764284548273 2.1817507201975044 0
1764284590522 2.149784331971949 1
1764284627401 2.1190986037254333 2
1764284641017 2.088166052644903 3
1764284675887 2.047246364029971 4
1764284711248 2.0053737190636722 5
1764284751278 1.9561014392159202 6
1764284788623 1.907995874231512 7
1764284801995 1.8599937558174133 8
1764284816211 1.8037800707600333 9
1764284830422 1.7570534944534302 10
1764284843613 1.7074418474327435 11
1764284881722 1.6509852599013934 12
1764284897592 1.6103988073088906 13
1764284937977 1.5740784298289905 14
1764284952467 1.5264666188846936 15
1764284996470 1.4939444688233463 16
1764285010641 1.4677931720560247 17
1764285025468 1.443037596615878 18
1764285039696 1.4287433542988517 19
1764285077452 1.3967573805288835 20
1764285092019 1.3664522658694873 21
1764285130320 1.3437434814193032 22
1764285145355 1.3377563953399658 23
1764285160087 1.3167212388732217 24
1764285199257 1.284924497658556 25
1764285213679 1.2600630630146374 26
1764285258847 1.2400862520391291 27
1764285271985 1.2274869856509296 28
1764285285026 1.2012377882545644 29
1764285298433 1.1783224696462804 30
1764285311456 1.1764021434567191 31
1764285323949 1.158300292762843 32
1764285323962 1.2600630630146374 33
