1764284548273 15.373563218390805 0
1764284590522 23.419540229885058 1
1764284627401 28.879310344827587 2
1764284641017 28.879310344827587 3
1764284675887 34.195402298850574 4
1764284711248 35.3448275862069 5
1764284751278 36.92528735632184 6
1764284788623 40.51724137931034 7
1764284801995 41.0919540229885 8
1764284816211 40.37356321839081 9
1764284830422 41.52298850574713 10
1764284843613 44.97126436781609 11
1764284881722 41.95402298850575 12
1764284897592 42.672413793103445 13
1764284937977 41.810344827586206 14
1764284952467 43.82183908045977 15
1764284996470 44.252873563218394 16
1764285010641 44.827586206896555 17
1764285025468 45.97701149425287 18
1764285039696 44.39655172413793 19
1764285077452 46.695402298850574 20
1764285092019 46.695402298850574 21
1764285130320 49.2816091954023 22
1764285145355 47.8448275862069 23
1764285160087 50.0 24
1764285199257 52.87356321839081 25
1764285213679 52.1551724137931 26
1764285258847 54.88505747126437 27
1764285271985 52.1551724137931 28
1764285285026 53.5919540229885 29
1764285298433 55.02873563218391 30
1764285311456 54.02298850574713 31
1764285323949 55.31609195402299 32
1764285323962 52.1551724137931 33
