1764276308152 14.511494252873563 0
1764276342000 28.017241379310345 1
1764276371110 32.04022988505747 2
1764276379503 36.63793103448276 3
1764276388388 42.09770114942529 4
1764276417436 40.37356321839081 5
1764276425958 44.252873563218394 6
1764276455693 46.4080459770115 7
1764276485148 44.252873563218394 8
1764276493959 45.97701149425287 9
1764276502466 47.12643678160919 10
1764276511118 46.695402298850574 11
1764276540394 48.706896551724135 12
1764276548885 48.99425287356322 13
1764276557662 52.58620689655172 14
1764276586943 50.43103448275862 15
1764276615743 53.735632183908045 16
1764276624599 53.160919540229884 17
1764276653948 52.729885057471265 18
1764276662480 54.310344827586206 19
1764276671129 57.327586206896555 20
1764276704162 56.46551724137931 21
1764276732938 56.752873563218394 22
1764276741870 58.9080459770115 23
1764276770447 59.339080459770116 24
1764276779162 58.333333333333336 25
1764276808868 60.3448275862069 26
1764276817681 60.201149425287355 27
1764276848526 61.35057471264368 28
1764276857871 61.63793103448276 29
1764276866976 62.21264367816092 30
1764276876102 61.92528735632184 31
1764276885043 64.22413793103448 32
1764276893990 63.64942528735632 33
1764276894005 60.201149425287355 34
