1764276308152 2.183983000842008 0
1764276342000 2.1356485973704946 1
1764276371110 2.0746207453987817 2
1764276379503 2.0007213787599043 3
1764276388388 1.9111413738944314 4
1764276417436 1.8318827477368442 5
1764276425958 1.7555293495004827 6
1764276455693 1.692314538088712 7
1764276485148 1.6393548250198364 8
1764276493959 1.5806870135394009 9
1764276502466 1.5385503010316328 10
1764276511118 1.4921590740030461 11
1764276540394 1.4634130868044766 12
1764276548885 1.420707030729814 13
1764276557662 1.3847505396062678 14
1764276586943 1.3470030372793025 15
1764276615743 1.309770475734364 16
1764276624599 1.2909631620753894 17
1764276653948 1.266718322580511 18
1764276662480 1.2385830662467263 19
1764276671129 1.2102151784029873 20
1764276704162 1.1851211352781816 21
1764276732938 1.1665167158300227 22
1764276741870 1.1386504498395054 23
1764276770447 1.14345261183652 24
1764276779162 1.1413260644132441 25
1764276808868 1.0881311730905012 26
1764276817681 1.081395528533242 27
1764276848526 1.060535728931427 28
1764276857871 1.0455180135640232 29
1764276866976 1.031985580921173 30
1764276876102 1.0263687480579724 31
1764276885043 1.004768810488961 32
1764276893990 0.9954257553273981 33
1764276894005 1.081395528533242 34
