1764275058483 13.505747126436782 0
1764275089553 13.218390804597702 1
1764275121397 14.367816091954023 2
1764275131615 12.068965517241379 3
1764275163548 14.080459770114942 4
1764275173525 13.362068965517242 5
1764275206368 15.229885057471265 6
1764275241682 17.67241379310345 7
1764275250840 19.10919540229885 8
1764275260562 20.689655172413794 9
1764275270792 20.114942528735632 10
1764275280943 20.25862068965517 11
1764275290739 19.54022988505747 12
1764275324658 20.833333333333332 13
1764275334873 20.977011494252874 14
1764275345185 19.54022988505747 15
1764275376348 22.701149425287355 16
1764275410867 23.99425287356322 17
1764275441888 21.982758620689655 18
1764275472953 25.14367816091954 19
1764275504499 23.132183908045977 20
1764275514628 23.132183908045977 21
1764275545243 24.137931034482758 22
1764275578622 25.57471264367816 23
1764275588384 26.724137931034484 24
1764275598506 26.580459770114942 25
1764275634791 27.729885057471265 26
1764275665634 27.873563218390803 27
1764275675686 27.011494252873565 28
1764275713445 26.724137931034484 29
1764275744139 29.74137931034483 30
1764275774133 30.45977011494253 31
1764275782968 30.603448275862068 32
1764275792104 30.74712643678161 33
1764275802201 29.885057471264368 34
1764275812089 31.46551724137931 35
1764275842200 31.896551724137932 36
1764275872660 32.61494252873563 37
1764275882279 32.327586206896555 38
1764275913062 34.62643678160919 39
1764275943856 36.206896551724135 40
1764275975872 35.48850574712644 41
1764275986096 34.770114942528735 42
1764275995922 35.3448275862069 43
1764276027620 38.9367816091954 44
1764276037829 36.0632183908046 45
1764276048252 39.08045977011494 46
1764276058411 36.35057471264368 47
1764276068701 36.49425287356322 48
1764276078335 37.78735632183908 49
1764276078351 35.3448275862069 50
