1764275058483 2.199502641504461 0
1764275089553 2.1960916302420874 1
1764275121397 2.1892117153514516 2
1764275131615 2.1854836724021216 3
1764275163548 2.1819469061764805 4
1764275173525 2.1770861365578393 5
1764275206368 2.1729762120680376 6
1764275241682 2.1667393120852383 7
1764275250840 2.1624398014762183 8
1764275260562 2.1619480523196133 9
1764275270792 2.158879886973988 10
1764275280943 2.1577528606761587 11
1764275290739 2.152606725692749 12
1764275324658 2.1489379839463667 13
1764275334873 2.1441474611108955 14
1764275345185 2.145537918264216 15
1764275376348 2.139283700422807 16
1764275410867 2.135341102426702 17
1764275441888 2.1323266246102075 18
1764275472953 2.126178676431829 19
1764275504499 2.127684484828602 20
1764275514628 2.1229006593877617 21
1764275545243 2.1219808621840044 22
1764275578622 2.1166245720603247 23
1764275588384 2.1106009916825728 24
1764275598506 2.1115091280503706 25
1764275634791 2.105518341064453 26
1764275665634 2.1044048612768 27
1764275675686 2.1023366017775102 28
1764275713445 2.0936550443822686 29
1764275744139 2.0947317643599077 30
1764275774133 2.085149634968151 31
1764275782968 2.0810249718752774 32
1764275792104 2.0751146619970147 33
1764275802201 2.07928559996865 34
1764275812089 2.0717305703596636 35
1764275842200 2.067284172231501 36
1764275872660 2.06640794060447 37
1764275882279 2.057563131505793 38
1764275913062 2.056446747346358 39
1764275943856 2.0488270846280185 40
1764275975872 2.0427281964908945 41
1764275986096 2.0359412540089 42
1764275995922 2.0222506631504404 43
1764276027620 2.018818421797319 44
1764276037829 2.0202493125742134 45
1764276048252 2.0111371712251143 46
1764276058411 2.0012134963815864 47
1764276068701 2.0025641809810293 48
1764276078335 1.990922050042586 49
1764276078351 2.0222506631504404 50
