1764290884984 2.1872422911904077 0
1764290918819 2.1741493831981313 1
1764290953190 2.1630878665230493 2
1764290965117 2.151936726136641 3
1764290977950 2.1462290070273657 4
1764290989352 2.139225786382502 5
1764291000733 2.1294609199870718 6
1764291030211 2.121164148504084 7
1764291059972 2.115101619200273 8
1764291089644 2.1082584207708184 9
1764291120701 2.0982448404485528 10
1764291150316 2.093038472262296 11
1764291179858 2.08165244622664 12
1764291209496 2.07224423235113 13
1764291241258 2.0685247724706475 14
1764291254083 2.0606883764266968 15
1764291287290 2.0554862672632392 16
1764291320742 2.038427006114613 17
1764291332644 2.0205884846774014 18
1764291345016 2.0235307866876777 19
1764291357272 2.010320630940524 20
1764291369247 2.0031106146899136 21
1764291381976 1.9851716865192761 22
1764291381998 2.0554862672632392 23
