1764290884984 14.080459770114942 0
1764290918819 16.522988505747126 1
1764290953190 19.10919540229885 2
1764290965117 16.810344827586206 3
1764290977950 20.977011494252874 4
1764290989352 16.95402298850575 5
1764291000733 19.971264367816094 6
1764291030211 19.25287356321839 7
1764291059972 22.844827586206897 8
1764291089644 25.43103448275862 9
1764291120701 28.017241379310345 10
1764291150316 27.586206896551722 11
1764291179858 31.17816091954023 12
1764291209496 30.89080459770115 13
1764291241258 33.764367816091955 14
1764291254083 34.195402298850574 15
1764291287290 32.61494252873563 16
1764291320742 38.07471264367816 17
1764291332644 36.63793103448276 18
1764291345016 35.91954022988506 19
1764291357272 35.632183908045974 20
1764291369247 35.632183908045974 21
1764291381976 37.78735632183908 22
1764291381998 32.61494252873563 23
