1764258644052 22.413793103448278 0
1764258671942 33.764367816091955 1
1764258699740 37.64367816091954 2
1764258726497 42.38505747126437 3
1764258754345 43.39080459770115 4
1764258760819 44.54022988505747 5
1764258788505 49.56896551724138 6
1764258795236 49.56896551724138 7
1764258822244 52.44252873563219 8
1764258828823 54.02298850574713 9
1764258836948 53.160919540229884 10
1764258843654 54.02298850574713 11
1764258850134 54.59770114942529 12
1764258881591 56.32183908045977 13
1764258888232 57.758620689655174 14
1764258894872 60.05747126436781 15
1764258901530 56.03448275862069 16
1764258908348 60.3448275862069 17
1764258915531 59.195402298850574 18
1764258943108 60.3448275862069 19
1764258951435 60.632183908045974 20
1764258958088 62.21264367816092 21
1764258964747 59.48275862068966 22
1764258971190 63.36206896551724 23
1764258998792 64.51149425287356 24
1764259005658 61.92528735632184 25
1764259012286 64.65517241379311 26
1764259039630 65.22988505747126 27
1764259046387 64.22413793103448 28
1764259053034 62.5 29
1764259061096 65.08620689655173 30
1764259067662 66.95402298850574 31
1764259074047 67.09770114942529 32
1764259074059 64.65517241379311 33
