1764258644052 2.092151681582133 0
1764258671942 1.8572845458984375 1
1764258699740 1.657084047794342 2
1764258726497 1.5569875836372375 3
1764258754345 1.477096398671468 4
1764258760819 1.3820138971010845 5
1764258788505 1.3743582765261333 6
1764258795236 1.3508580724398296 7
1764258822244 1.2611831823984783 8
1764258828823 1.2568338712056477 9
1764258836948 1.2410850127538045 10
1764258843654 1.1965100367863972 11
1764258850134 1.1633273164431255 12
1764258881591 1.1714179317156475 13
1764258888232 1.0956555406252544 14
1764258894872 1.0462206602096558 15
1764258901530 1.0776783724625905 16
1764258908348 1.0387094616889954 17
1764258915531 1.050021469593048 18
1764258943108 1.0454993844032288 19
1764258951435 1.032889038324356 20
1764258958088 1.0123287340005238 21
1764258964747 1.033775915702184 22
1764258971190 0.9535887638727824 23
1764258998792 0.9393004874388377 24
1764259005658 0.963124285141627 25
1764259012286 0.9190172354380289 26
1764259039630 0.9153861502806345 27
1764259046387 0.9114317993323008 28
1764259053034 0.9298398693402609 29
1764259061096 0.8914712965488434 30
1764259067662 0.8797525068124136 31
1764259074047 0.8831112484137217 32
1764259074059 0.9190172354380289 33
