1764285688034 11.350574712643677 0
1764285723457 22.413793103448278 1
1764285758245 28.017241379310345 2
1764285799052 32.758620689655174 3
1764285836998 36.92528735632184 4
1764285884464 38.9367816091954 5
1764285922591 41.235632183908045 6
1764285957801 41.810344827586206 7
1764285971358 40.804597701149426 8
1764285985154 41.666666666666664 9
1764285999993 43.247126436781606 10
1764286036570 41.666666666666664 11
1764286050380 44.252873563218394 12
1764286064818 43.247126436781606 13
1764286078903 44.54022988505747 14
1764286092113 45.11494252873563 15
1764286105392 46.264367816091955 16
1764286105413 43.247126436781606 17
