1764285688034 2.191706494851546 0
1764285723457 2.1712636839259756 1
1764285758245 2.1512113972143694 2
1764285799052 2.130725074898113 3
1764285836998 2.108667091889815 4
1764285884464 2.0845012827353044 5
1764285922591 2.056793895634738 6
1764285957801 2.0249479006637228 7
1764285971358 1.9930812824856152 8
1764285985154 1.9615184854377399 9
1764285999993 1.9246482280167667 10
1764286036570 1.8909717446023768 11
1764286050380 1.8445368165319616 12
1764286064818 1.8119418079202825 13
1764286078903 1.770415032451803 14
1764286092113 1.7282354777509517 15
1764286105392 1.6884512196887622 16
1764286105413 1.9246482280167667 17
